1,1/clueweb12-0000tw-13-04988,259,33.18132004607411
2,1/clueweb12-0000tw-14-17002,86,15.231546211727817
3,1/clueweb12-0000tw-14-17002.txt,86,15.231546211727817
4,1/clueweb12-0000tw-32-07334,417,55.74047003748713
5,1/clueweb12-0000tw-32-07334.txt,417,55.74047003748713
6,1/clueweb12-0000tw-35-20780,432,33.61547262794322
7,1/clueweb12-0000tw-35-20780.txt,432,33.61547262794322
8,1/clueweb12-0000tw-40-10838,1531,116.90594510117953
9,1/clueweb12-0000tw-40-10838.txt,1531,116.90594510117953
10,1/clueweb12-0000tw-44-14021,1457,73.23250644351864
11,1/clueweb12-0000tw-44-14021.txt,1457,73.23250644351864
12,1/clueweb12-0000wb-00-32717,1524,148.18906842274163
13,1/clueweb12-0000wb-00-32717.txt,1524,148.18906842274163
14,1/clueweb12-0000wb-01-19883,242,35.749125863438955
15,1/clueweb12-0000wb-01-19883.txt,242,35.749125863438955
16,1/clueweb12-0000wb-11-24195,182,19.339079605813716
17,1/clueweb12-0000wb-11-24195.txt,182,19.339079605813716
18,1/clueweb12-0000wb-11-25079,70,13.711309200802088
19,1/clueweb12-0000wb-11-25079.txt,70,13.711309200802088
20,1/clueweb12-0000wb-14-00860,1854,755.5223358710184
21,1/clueweb12-0000wb-14-00860.txt,1854,755.5223358710184
22,1/clueweb12-0000wb-16-29788,513,65.01538279515087
23,1/clueweb12-0000wb-16-29788.txt,513,65.01538279515087
24,1/clueweb12-0000wb-17-09638.txt,1749,712.6170079362406
25,1/clueweb12-0000wb-22-00223.txt,1749,712.6170079362406
26,1/clueweb12-0000wb-27-14207,3271,305.41610959476253
27,1/clueweb12-0000wb-27-14207.txt,3271,305.41610959476253
28,1/clueweb12-0000wb-27-15113,1413,174.4849563716024
29,1/clueweb12-0000wb-27-15113.txt,1413,174.4849563716024
30,1/clueweb12-0000wb-32-32659.txt,1219,73.95268757793728
31,1/clueweb12-0000wb-34-35794,1219,73.95268757793728
32,1/clueweb12-0000wb-36-05465.txt,1279,118.87388274974448
33,1/clueweb12-0000wb-38-03936,1279,118.87388274974448
34,1/clueweb12-0000wb-38-03936.txt,16025,3869.5621199303673
35,1/clueweb12-0000wb-42-34021,16025,3869.5621199303673
36,1/clueweb12-0000wb-42-34021.txt,480,45.69463863518345
37,1/clueweb12-0000wb-43-00491,480,45.69463863518345
38,1/clueweb12-0000wb-43-00491.txt,408,78.16648898345122
39,1/clueweb12-0000wb-45-25173,408,78.16648898345122
40,1/clueweb12-0000wb-45-25173.txt,350,68.55654600401044
41,1/clueweb12-0000wb-46-08818,350,68.55654600401044
42,1/clueweb12-0000wb-46-08818.txt,751,79.89367934949547
43,1/clueweb12-0000wb-46-08820,751,79.89367934949547
44,1/clueweb12-0000wb-46-08820.txt,9157,422.7398727349953
45,1/clueweb12-0000wb-46-37003,9157,422.7398727349953
46,1/clueweb12-0000wb-46-37003.txt,328,36.359317925395686
47,1/clueweb12-0000wb-51-02043,328,36.359317925395686
48,1/clueweb12-0000wb-51-02043.txt,156,29.597297173897484
49,1/clueweb12-0000wb-53-08504,156,29.597297173897484
50,1/clueweb12-0000wb-53-08504.txt,554,59.983331017875294
51,1/clueweb12-0000wb-75-23846,554,59.983331017875294
52,1/clueweb12-0000wb-75-23846.txt,509,63.7102817447859
53,1/clueweb12-0000wb-76-38422,1242,133.22912594474226
54,1/clueweb12-0000wb-76-38422.txt,1093,91.63514609580758
55,1/clueweb12-0000wb-76-39724,687,69.62039930939781
56,1/clueweb12-0001wb-00-15727,1063,154.39235732380018
57,1/clueweb12-0001wb-02-24836,1239,170.3437700651245
58,1/clueweb12-0001wb-13-02899,85,13.601470508735444
59,1/clueweb12-0001wb-14-04479,834,124.75576139000555
60,1/clueweb12-0001wb-15-33433,336,70.69653456853455
61,1/clueweb12-0001wb-20-04942,455,45.70557952810576
62,1/clueweb12-0001wb-27-33452,3119,202.75354497517424
63,1/clueweb12-0001wb-30-35945,451,46.636895265444075
64,1/clueweb12-0001wb-31-07763,392,37.86819245752297
65,1/clueweb12-0001wb-33-25442,637,85.51608035919327
66,1/clueweb12-0001wb-38-31641,112,13.711309200802088
67,1/clueweb12-0001wb-45-09807,301,66.41535966928132
68,1/clueweb12-0001wb-45-11145,1192,114.12274094149684
69,1/clueweb12-0001wb-53-26899,822,46.54030511288038
70,1/clueweb12-0001wb-53-26901,446,102.3132444994293
71,1/clueweb12-0001wb-54-32792,1413,174.4849563716024
72,1/clueweb12-0001wb-67-37050,5805,591.0761372276841
73,1/clueweb12-0001wb-67-37051,506,65.19202405202648
74,1/clueweb12-0001wb-72-19269,434,64.52906321960671
75,1/clueweb12-0001wb-81-09251,578,64.91532946846992
76,1/clueweb12-0001wb-90-10207,496,54.954526656136345
77,1/clueweb12-0001wb-97-35622,570,80.38656604184557
78,1/clueweb12-0001wb-98-21650,588,90.15542135667715
79,1/clueweb12-0002wb-07-11236,403,55.97320787662612
80,1/clueweb12-0002wb-07-11251,417,57.40209055426466
81,1/clueweb12-0002wb-09-14892,441,52.602281319349636
82,1/clueweb12-0002wb-09-15008,551,84.50443775329198
83,1/clueweb12-0002wb-13-17389,545,62.56996084384263
84,1/clueweb12-0002wb-14-02885,354,53.31041174104736
85,1/clueweb12-0002wb-22-08931,255,25.11971337416094
86,1/clueweb12-0002wb-32-27423,458,38.52272056851645
87,1/clueweb12-0002wb-35-11389,403,72.49137879775773
88,1/clueweb12-0002wb-37-09326,651,46.89349635077342
89,1/clueweb12-0002wb-57-03454,491,46.74398357008097
90,1/clueweb12-0002wb-67-32652,828,93.4558719396486
91,1/clueweb12-0002wb-72-32199,297,31.984371183438952
92,1/clueweb12-0002wb-74-22367,646,50.438080851673966
93,1/clueweb12-0002wb-85-11186,168,23.45207879911715
94,1/clueweb12-0002wb-85-18818,927,274.99636361232126
95,1/clueweb12-0002wb-92-32645,1471,145.96232390586277
96,1/clueweb12-0002wb-97-14165,406,60.94259594077036
97,1/clueweb12-0002wb-97-23402,449,50.149775672479336
98,1/clueweb12-0002wb-99-13765,292,39.16631205513228
99,1/clueweb12-0003wb-09-25693,384,60.18305409332431
100,1/clueweb12-0003wb-11-26230,1353,176.22428890479316
101,1/clueweb12-0003wb-12-28508,1223,92.81702430050211
102,1/clueweb12-0003wb-12-32848,411,75.62407024221852
103,1/clueweb12-0003wb-22-29862,294,61.28621378417825
104,1/clueweb12-0003wb-36-29741,192,19.026297590440446
105,1/clueweb12-0003wb-38-19246,447,39.02563260217571
106,1/clueweb12-0003wb-61-31945,374,59.782940710540494
107,1/clueweb12-0003wb-63-36625,819,45.24378410345447
108,1/clueweb12-0003wb-75-32101,8066,2328.4441157133233
109,1/clueweb12-0003wb-84-12067,398,73.49829930005184
110,1/clueweb12-0003wb-84-12101,357,33.83784863137726
111,1/clueweb12-0004wb-00-21797,166,23.83275057562597
112,1/clueweb12-0004wb-10-18510,609,86.35392289873113
113,1/clueweb12-0004wb-19-09326,575,55.036351623268054
114,1/clueweb12-0004wb-25-32526,772,77.43384273042376
115,1/clueweb12-0004wb-38-02516,168,24.413111231467404
116,1/clueweb12-0004wb-44-13967,300,110.98648566379602
117,1/clueweb12-0004wb-51-26499,371,52.602281319349636
118,1/clueweb12-0004wb-66-11290,776,74.4983221287567
119,1/clueweb12-0004wb-70-22993,333,42.36744032862972
120,1/clueweb12-0004wb-70-22994,335,32.29551052391029
121,1/clueweb12-0004wb-74-26852,261,31.25699921617557
122,1/clueweb12-0004wb-79-15112,212,25.13961017995307
123,1/clueweb12-0004wb-84-29266,388,34.698703145794944
124,1/clueweb12-0004wb-86-23091,118,21.72556098240043
125,1/clueweb12-0004wb-90-26392,250,80.73413156775763
126,1/clueweb12-0004wb-91-15926,387,42.555845661906424
127,1/clueweb12-0004wb-93-27469,205,62.473994589749104
128,1/clueweb12-0004wb-96-07276,332,39.242833740697165
129,1/clueweb12-0005wb-02-15776,225,30.347981810987037
130,1/clueweb12-0005wb-02-15778,78428,8429.029600137848
131,1/clueweb12-0005wb-02-15779,388,70.69653456853455
132,1/clueweb12-0005wb-18-20757,494,53.47896782848375
133,1/clueweb12-0005wb-35-09005,780,59.38013135721409
134,1/clueweb12-0005wb-36-15751,536,44.721359549995796
135,1/clueweb12-0005wb-39-24563,554,54.3323108288245
136,1/clueweb12-0005wb-49-15905,1772,167.23038001511568
137,1/clueweb12-0005wb-65-25489,269,36.945906403822335
138,1/clueweb12-0005wb-76-25473,474,95.97916440561461
139,1/clueweb12-0005wb-87-27465,6126,954.0167713410493
140,1/clueweb12-0005wb-89-07707,5686,595.0764656747904
141,1/clueweb12-0005wb-96-06565,706,53.777318638995006
142,1/clueweb12-0005wb-96-21589,124,16.55294535724685
143,1/clueweb12-0005wb-98-11303,665,155.72090418437725
144,1/clueweb12-0006wb-01-02809,2221,200.64645523905972
145,1/clueweb12-0006wb-30-32729,786,47.89572005931219
146,1/clueweb12-0006wb-33-06695,878,55.839054433254866
147,1/clueweb12-0006wb-55-32231,594,71.95832127002409
148,1/clueweb12-0006wb-57-04635,2618,185.70945048650594
149,1/clueweb12-0006wb-79-17098,741,56.098128311023
150,1/clueweb12-0006wb-79-17102,387,34.219877264537345
151,1/clueweb12-0006wb-79-22541,527,45.880278987817846
152,1/clueweb12-0006wb-79-24680,124,15.874507866387544
153,1/clueweb12-0006wb-82-06497,346,66.85805860178712
154,1/clueweb12-0006wb-88-26772,358,27.748873851023216
155,1/clueweb12-0006wb-92-03162,5169,964.2691532969412
156,1/clueweb12-0007wb-03-13148,592,84.04760555780278
157,1/clueweb12-0007wb-09-07359,60,11.489125293076057
158,1/clueweb12-0007wb-16-14856,481,82.34682750416071
159,1/clueweb12-0007wb-34-33626,5074,469.1865300709303
160,1/clueweb12-0007wb-42-16885,186,23.62202362203543
161,1/clueweb12-0007wb-51-02988,186,23.62202362203543
162,1/clueweb12-0007wb-51-14954,186,23.62202362203543
163,1/clueweb12-0007wb-58-26169,186,23.62202362203543
164,1/clueweb12-0007wb-66-00073,186,23.62202362203543
165,1/clueweb12-0007wb-77-16069,266,29.966648127543394
166,1/clueweb12-0007wb-89-24274,1775,144.65476141489432
167,1/clueweb12-0007wb-93-25044,484,65.13063795173512
168,1/clueweb12-0007wb-95-00601,4545,413.12104763616196
169,1/clueweb12-0008wb-06-20160,640,129.66109670984585
170,1/clueweb12-0008wb-25-00083,568,64.94613152451807
171,1/clueweb12-0008wb-27-11074,2053,224.9599964438122
172,1/clueweb12-0008wb-31-14452,53,9.0
173,1/clueweb12-0008wb-31-23874,309,29.614185789921695
174,1/clueweb12-0008wb-33-14768,6126,955.4998691784316
175,1/clueweb12-0008wb-33-14769,545,45.94562003064057
176,1/clueweb12-0008wb-51-23021,179,26.70205984563738
177,1/clueweb12-0008wb-51-23022,342,34.785054261852174
178,1/clueweb12-0008wb-51-23026,877,100.86129089001389
179,1/clueweb12-0008wb-56-08047,442,61.1228271597445
180,1/clueweb12-0008wb-62-02871,427,49.50757517794625
181,1/clueweb12-0008wb-94-12701,1687,154.53478572800364
182,1/clueweb12-0009wb-20-04575,975,119.62859190009719
183,1/clueweb12-0009wb-20-13649,1496,148.59340496805368
184,1/clueweb12-0009wb-25-03961,1731,155.0902962792966
185,1/clueweb12-0009wb-33-00709,840,233.02789532586007
186,1/clueweb12-0009wb-37-16843,649,53.056573579529235
187,1/clueweb12-0009wb-43-04224,3506,257.079754162011
188,1/clueweb12-0009wb-49-36757,1941,171.50801730531433
189,1/clueweb12-0009wb-52-09281,2245,741.5396145857617
190,1/clueweb12-0009wb-54-26000,1271,150.00999966668888
191,1/clueweb12-0009wb-63-27893,163,60.572270883631234
192,1/clueweb12-0009wb-63-27896,204,24.819347291981714
193,1/clueweb12-0009wb-63-27897,1333,71.42128534267638
194,1/clueweb12-0009wb-63-27899,315,31.921779399024736
195,1/clueweb12-0009wb-76-33172,2959,187.83769589728254
196,1/clueweb12-0009wb-79-28331,202,33.166247903554
197,1/clueweb12-0009wb-79-28334,432,57.21887800367987
198,1/clueweb12-0009wb-79-28336,2199,141.5026501518611
199,1/clueweb12-0009wb-88-18105,8410,642.316121547638
200,1/clueweb12-0009wb-96-05687,348,35.608987629529715
201,1/clueweb12-0010wb-02-32806,289,23.769728648009426
202,1/clueweb12-0010wb-17-14863,1725,218.78985351245154
203,1/clueweb12-0010wb-21-24657,614,51.61395160225576
204,1/clueweb12-0010wb-31-29702,950,96.8916921103146
205,1/clueweb12-0010wb-36-02425,1033,114.9826073804208
206,1/clueweb12-0010wb-38-18016,189,31.160872901765767
207,1/clueweb12-0010wb-53-32379,73,22.20360331117452
208,1/clueweb12-0010wb-59-00779,196,41.8568990729127
209,1/clueweb12-0010wb-74-09612,985,69.8927750200262
210,1/clueweb12-0010wb-78-08785,565,67.7864293203293
211,1/clueweb12-0010wb-85-27475,1063,112.42330719205872
212,1/clueweb12-0010wb-91-10771,711,83.24061508662703
213,1/clueweb12-0010wb-91-10775,142,16.61324772583615
214,1/clueweb12-0010wb-92-08565,1004,98.62048468751307
215,1/clueweb12-0011wb-04-02431,2126,181.64801127455263
216,1/clueweb12-0011wb-09-16462,455,41.7492514902962
217,1/clueweb12-0011wb-17-26705,1706,105.67875850898325
218,1/clueweb12-0011wb-18-24419,1901,214.73472006175433
219,1/clueweb12-0011wb-25-13555,4403,316.97791721190924
220,1/clueweb12-0011wb-32-00405,504,65.36053855347276
221,1/clueweb12-0011wb-37-04895,1744,163.29115101560157
222,1/clueweb12-0011wb-37-04896,723,54.96362433464518
223,1/clueweb12-0011wb-37-19347,745,65.70388116390082
224,1/clueweb12-0011wb-41-27409,1453,121.57713600837947
225,1/clueweb12-0011wb-44-10471,135,22.64950330581225
226,1/clueweb12-0011wb-44-19401,119,19.570385790780925
227,1/clueweb12-0011wb-45-01444,335,38.58756276314948
228,1/clueweb12-0011wb-46-25483,309,29.647934160747187
229,1/clueweb12-0011wb-46-28479,1725,218.78985351245154
230,1/clueweb12-0011wb-47-05863,1494,166.53528154718447
231,1/clueweb12-0011wb-53-30448,166,24.20743687382041
232,1/clueweb12-0011wb-56-28456,869,127.13378779852349
233,1/clueweb12-0011wb-62-03765,483,61.99193495931547
234,1/clueweb12-0011wb-70-24278,961,88.72992730753249
235,1/clueweb12-0011wb-71-10004,135,22.64950330581225
236,1/clueweb12-0011wb-71-18849,502,52.28766584960549
237,1/clueweb12-0011wb-73-29217,880,265.10752535527917
238,1/clueweb12-0011wb-99-04862,1781,121.82364302548172
239,1/clueweb12-0012wb-01-00892,656,54.38749856354859
240,1/clueweb12-0012wb-07-07678,329,42.86023798347368
241,1/clueweb12-0012wb-07-07679,2320,167.88686666919483
242,1/clueweb12-0012wb-07-07681,3883,172.35718725948158
243,1/clueweb12-0012wb-11-29675,57,9.433981132056603
244,1/clueweb12-0012wb-15-12275,99,18.841443681416774
245,1/clueweb12-0012wb-15-12287,227,31.096623610932426
246,1/clueweb12-0012wb-23-03355,245,38.17066936798463
247,1/clueweb12-0012wb-32-18166,118,17.60681686165901
248,1/clueweb12-0012wb-36-02743,299,33.421549934136806
249,1/clueweb12-0012wb-41-27279,162,23.45207879911715
250,1/clueweb12-0012wb-57-07518,1253,132.7742444904131
251,1/clueweb12-0012wb-65-04019,742,120.15822901491184
252,1/clueweb12-0012wb-72-20261,3878,181.67553495173752
253,1/clueweb12-0012wb-78-19107,169,25.436194683953808
254,1/clueweb12-0012wb-81-28559,1813,104.57055034760026
255,1/clueweb12-0012wb-83-00728,1980,171.8778636125083
256,1/clueweb12-0012wb-89-10464,1713,131.32783406422266
257,1/clueweb12-0012wb-92-00475,710,82.04876598706406
258,1/clueweb12-0012wb-94-31402,618,42.91852746774987
259,1/clueweb12-0012wb-99-08524,742,120.15822901491184
260,1/clueweb12-0013wb-05-13769,298,50.635955604688654
261,1/clueweb12-0013wb-05-13770,1312,137.81872151489435
262,1/clueweb12-0013wb-13-24225,560,53.422841556772326
263,1/clueweb12-0013wb-31-20445,1140,135.2922762023021
264,1/clueweb12-0013wb-42-37717,1451,141.1913595090011
265,1/clueweb12-0013wb-43-12760,2385,166.57430774282088
266,1/clueweb12-0013wb-45-26884,442,61.1228271597445
267,1/clueweb12-0013wb-47-32508,2541,1766.5143645042913
268,1/clueweb12-0013wb-55-03388,442,61.1228271597445
269,1/clueweb12-0013wb-58-07328,3132,217.17734688498246
270,1/clueweb12-0013wb-59-04778,1333,106.92520750505935
271,1/clueweb12-0013wb-62-26394,648,76.249590162833
272,1/clueweb12-0013wb-62-26399,582,37.76241517699841
273,1/clueweb12-0013wb-65-19605,4694,285.21220170252184
274,1/clueweb12-0013wb-66-23521,830,46.54030511288038
275,1/clueweb12-0013wb-66-25207,198,20.0
276,1/clueweb12-0013wb-72-19206,350,57.253820833198546
277,1/clueweb12-0013wb-75-12593,75,24.351591323771842
278,1/clueweb12-0013wb-75-20593,324,43.12771730569565
279,1/clueweb12-0013wb-82-24244,1289,97.99489782636645
280,1/clueweb12-0013wb-82-24249,369,32.109188716004645
281,1/clueweb12-0013wb-82-24250,694,47.77028364998475
282,1/clueweb12-0013wb-83-02045,369,32.109188716004645
283,1/clueweb12-0013wb-86-29710,373,42.86023798347368
284,1/clueweb12-0100tw-12-07624,432,57.21887800367987
285,1/clueweb12-0100tw-14-12046,378,42.638011210655684
286,1/clueweb12-0100tw-21-11869,1007,114.9565135170687
287,1/clueweb12-0100tw-25-05344,178,27.459060435491963
288,1/clueweb12-0100tw-32-17086,3831,178.4908961263851
289,1/clueweb12-0100tw-36-10007,208,35.09985754956849
290,1/clueweb12-0100tw-37-15360,143,22.20360331117452
291,1/clueweb12-0100tw-40-18868,1841,123.51113310143342
292,1/clueweb12-0100tw-41-19493,6010,277.98201380664904
293,1/clueweb12-0100tw-51-14551,182,54.772255750516614
294,1/clueweb12-0100tw-52-04769,428,38.62641583165593
