1,1,3,137,101,854
1,4,1,64
1,5,2,6,219
1,2,1,357
1,3,1,1256
1,2,1,249
1,1,5,37,76,49,7,6
1,4,1,200
4,2,1,497,2,1,3,2,1,345,1,1,8
1,2,1,1805
1,7,1,7106
1,5,1,29
2,2,1,549,2,1,14
1,2,1,2286
2,2,1,163,2,1,50
1,2,2,1011,1172
1,4,1,92
1,2,3,121,673,1074
1,6,1,294
1,2,1,550
2,6,1,242,1,1,7180
1,6,2,65,189
2,3,2,847,269,3,3,381,288,6
1,4,1,303
1,1,3,241,2,852
1,4,1,61
2,1,3,921,3,522,6,2,5673,8
1,1,3,377,4,780
1,2,4,2050,14,8,11
1,7,1,205
1,3,1,879
1,6,6,135,27,36,3,203,30
1,6,2,430,34
1,2,1,1994
1,1,3,245,2,850
2,3,21,35,60,74,83,53,60,64,42,45,55,50,44,80,78,111,90,47,35,26,37,43,2,1,205
1,2,1,1898
1,1,3,249,2,848
1,5,1,127
1,5,4,59,44,78,15
1,7,1,178
1,3,1,195
2,3,1,1206,4,1,7300
1,2,1,343
1,2,1,2097
1,2,1,1818
1,2,3,239,1005,401
1,2,2,628,1226
2,3,1,1020,4,2,255,7054
1,2,1,1199
2,2,1,1600,1,2,760,39
1,1,1,1544
1,2,1,909
1,3,21,39,62,74,82,53,62,63,4248,51,50,45,79,79,112,89,47,36,27,36,42
1,3,1,598
2,1,1,10,3,2,107,20
1,6,1,52
2,2,2,441,526,2,1,273
1,7,1,7101
1,2,1,987
2,1,3,255,2,844,6,2,344,7
1,2,1,710
1,1,3,259,2,842
1,72,390,7
1,4,1,16
1,7,1,6975
3,23,813,912,144,1,2366,33,23,146,22
1,2,2,624,1233
1,2,1,614
2,1,3,263,2,840,6,2,438,9
1,7,2,4448,8
1,2,1,1152
1,2,1,1241
1,2,3,1416,124,31
2,2,1,882,5,4,73,30,69,116
1,2,1,2355
1,2,1,19
1,2,1,426
1,2,2,1764,47
1,2,3,706,396,45
2,1,4,209,824,4,466,6,2,6562,9
2,1,3,872,3,545,6,2,5333,8
1,6,1,38
2,2,1,302,5,2,7157,126
1,2,1,193
3,1,3,267,2,838,2,1,228,4,2,492,7
2,2,1,1657,4,1,267
1,6,1,600
1,1,1,20
2,1,3,271,2,836,6,2,538,7
1,6,7,68,54,17,27,38,1,4
1,2,1,1316
1,4,2,164,82
1,2,1,1963
1,2,1,49
1,2,1,1154
1,3,1,1263
2,6,1,638,1,1,40
1,2,1,849
1,72,592,7
1,6,3,16,308,218
1,2,1,899
1,6,1,649
1,2,3,188,205,119
1,6,1,316
1,6,1,387
1,6,2,388,43
1,6,1,337
1,6,2,79,193
1,6,1,303
1,7,2,290,6678
1,3,1,342
1,2,3,179,12,32
1,2,1,500
2,1,1,23,6,1,7322
1,7,1,201
1,2,3,153,798,315
1,2,1,559
1,2,1,852
2,1,3,275,2,834,6,2,638,7
2,1,3,279,2,832,6,2,684,7
1,3,1,1329
1,3,1,1121
1,4,1,95
1,1,4,42,31,15,3
2,2,3,135,9,12,5,1,6974
1,2,1,1328
1,2,2,2143,3
1,3,3,330,284,151
1,2,1,2302
1,6,1,514
1,1,3,283,2,830
1,3,2,4,1290
1,3,7,467,23,191,129,98,229,9
1,3,1,1278
2,3,3,53,146,840,2,4,2,7212,7
1,1,1,121
1,3,1,74
2,2,2,1280,238,1,6,141,300,278,27,9,121
1,2,1,2145
2,1,3,287,2,828,6,2,730,7
2,1,3,291,2,826,6,2,776,7
1,2,1,2032
1,1,4,295,2,2,822
1,7,1,186
1,2,1,2197
1,1,21,39,4,14,17,6,4,2,3,3,4,4,4,4,1,3,4,3,1,2,4,5
1,7,1,207
2,1,3,301,2,820,6,2,824,7
1,7,2,440,9
1,7,1,130
1,2,1,85
1,6,4,62,11,44,110
1,7,1,274
1,7,2,131,64
1,2,1,676
1,2,3,490,277,658
1,7,1,208
1,2,1,213
1,2,3,329,181,1172
1,1,3,305,2,818
2,1,3,309,2,816,6,2,872,7
2,3,3,178,385,96,2,1,131
2,1,3,313,2,814,6,2,918,7
1,3,1,202
1,1,3,317,2,812
1,4,1,291
1,1,1,1557
1,72,966,7
3,2,16,58,41,3,622,13,265,496,517,3,2,22,72,6,171,1,14,2,11,68,5,4,16,4,8,9,12,3,9,3,3,1,7118
1,2,3,2019,9,91
3,2,1,1534,3,4,61,44,78,15,2,1,7076
1,2,1,277
1,2,1,701
1,2,1,542
1,1,3,321,2,810
1,2,1,2214
1,2,1,1099
1,6,1,442
1,3,1,499
1,2,1,344
1,2,1,685
1,7,1,257
1,6,1,2
1,3,1,1049
1,1,495,444
1,2,1,848
1,2,1,1172
1,2,1,1095
3,2,1,2357,4,1,32,1,1,7233
1,2,1,457
1,2,1,1004
1,2,1,2126
1,3,1,1154
1,1,1,76
1,7,1,211
1,2,1,778
1,3,1,315
1,2,2,632,1231
1,1,3,325,2,808
1,2,1,2140
1,2,2,67,1852
1,3,1,1183
1,1,2,329,808
1,1,1,331
1,2,1,1696
2,1,3,333,2,804,6,2,1014,7
1,3,1,465
1,1,1,26
2,2,4,22,187,1924,8,1,1,1160
1,6,1,454
3,1,3,337,2,802,2,1,66,4,2,1062,7
1,2,1,1914
1,3,1,411
1,3,1,634
1,7,1,210
1,3,2,291,322
1,2,9,171,384,163,145,369,41,31,135,157
1,2,1,250
1,2,2,818,24
3,2,1,2299,1,1,84,1,1,155
1,4,1,226
2,4,1,75,3,2,1127,9
1,7,1,7003
1,3,1,212
1,2,1,2151
1,5,2,12,219
1,1,3,341,2,800
1,2,1,322
1,7,2,101,78
2,1,3,345,2,798,6,2,1179,7
1,7,1,213
1,7,1,84
1,6,3,426,151,29
1,6,1,57
2,2,1,630,2,1,244
1,6,1,601
1,1,3,349,2,796
1,1,3,354,2,793
1,7,2,216,7016
1,5,2,10,219
4,2,1,125,1,21,37,62,74,82,53,62,63,42,48,51,50,45,79,79,112,89,47,36,27,36,42,1,1,185,3,4,155,59,63,6969
1,7,2,7119,9
1,2,1,2253
1,3,2,5,1290
1,7,1,145
1,7,1,217
1,4,1,305
2,2,9,230,349,673,167,232,305,10,10,8,2,2,162,55
1,7,2,6416,9
1,1,1,1538
2,1,3,358,2,791,6,2,1225,7
1,2,1,1121
1,1,3,362,2,789
1,6,1,258
1,2,2,617,1242
2,2,4,810,426,513,468,1,2,786,269
2,1,3,366,2,787,6,2,1271,7
1,7,1,7189
1,4,1,122
1,2,1,704
2,1,3,370,3,784,6,2,1317,8
1,7,145,314,19,37,46,54,4850,50,46,46,46,46,484846,50,46,4828,41,4846,46,4850,46,46,46,50,54,46,46,4846,4830,41,4846,4846,46,50,46,50,4850,46,4846,50,46,30,39,4850,46,46,46,484848484846,46,46,46,46,28,37,4846,4850,46,46,4846,4846,46,4852,484828,39,50,50,50,50,50,46,46,48484852,484846,46,28,37,484854,4846,4852,484848484848484828,39,52,50,50,484846,46,46,52,46,4850,484850,28,39,4846,50,484848
1,7,2,6971,10
1,2,2,1979,16
1,2,1,1574
1,7,2218,2
1,7,1,92
1,7,1,258
1,2,1,1208
1,6,6,377,6,32,62,97,55
1,2,2,450,140
1,2,1,1646
1,6,2,390,43
2,12,1086,3,3,11
1,2,1,2095
2,2,2,194,151,2,1,204
2,2,4,577,866,534,226,2,1,11
1,7,1,114
1,3,2,472,22
2,4,1,174,3,1,7008
1,7,1,133
1,7,2,1367,8
1,6,1,234
1,2,1,88
1,2,1,989
2,3,1,775,3,6,99,16,10,200,4,12
1,2,1,1937
1,1,3,376,4,780
1,2,2,29,31
1,6,1,428
1,1,3,384,2,778
1,7,1,134
1,2,3,284,97,92
2,3,3,423,699,136,4,1,6977
2,2,4,651,1142,7,36,5,1,135
1,2,3,337,271,1252
1,4,1,186
1,7,1,115
1,6,1,49
1,6,1,187
1,2,1,248
1,4,1,280
2,2,1,363,4,1,286
1,6,1,456
2,3,1,277,3,1,102
2,1,3,388,2,776,6,2,1415,7
3,1,3,392,2,774,5,1,411,1,2,1461,7
1,2,1,625
1,2,2,1052,153
1,6,1,374
2,3,6,253,7,3,9,14,2,1,1,151
1,2,2,782,1379
1,2,1,1042
1,7,1,137
1,2,1,1734
1,2,1,732
1,4,1,115
1,7,1,7196
2,2,4,180,12,32,634,5,11,306,19,783,785,785,773,779,793,793,795,514
1,6,3,137,3,10
1,4,3,18,103,19
1,3,2,474,22
1,1,1,166
1,2,1,1181
2,1,1,1533,6,542,296,49,7,14,15,10,7,14,15,14,11,14,15,12,7,14,15,10,9,16,17,12,7,14,15,10,7,14,15,10,7,14,15,10,7,14,15,10,7,14,15,12,7,14,15,12,7,14,15,10,7,14,15,12,9,14,15,10,7,14,15,12,7,14,15,31,9,14,15,12,7,14,15,10,7,14,15,10,7,14,15,11,8,14,15,13,8,14,15,10,7,14,15,10,7,14,15,10,7,14,15,11,10,14,17,13,10,14,15,10,7,14,15,10,7,14,15,11,8,14,15,10,7,14,15,10,9,14,15,32,10,14,15,12,7,14,15,10,7,14,15,11,8,14,15,10,7,14,15,10,7,14,17,12,7,14,15,10,7,14,15,11,10,14,15,12,7,14,17,12,7,14,15,10,7,14,15,12,7,14,15,10,7,14,15,12,9,14,15,10,7,14,15,31,9,14,15,12,7,14,15,13,8,14,15,10,7,14,15,10,7,14,15,10,7,14,15,10,9,14,15,12,7,14,15,12,7,14,15,10,9,14,15,10,9,14,15,10,7,14,15,10,7,14,15,10,7,14,15,10,7,14,15,10,7,14,15,29,7,14,15,12,7,14,15,10,7,14,15,10,9,14,17,12,7,14,15,10,7,14,15,10,7,14,15,10,9,14,15,10,7,14,15,12,7,14,15,10,7,14,15,10,7,14,15,10,9,14,17,12,9,14,15,12,7,14,15,12,7,14,15,29,9,14,17,12,7,14,15,12,9,14,17,12,7,14,15,11,10,14,15,13,8,14,15,10,7,14,15,10,7,14,15,12,7,14,15,12,7,14,15,12,7,14,17,12,9,14,15,10,9,14,15,12,7,14,15,10,7,14,15,10,7,14,15,29,7,14,15,11,8,14,15,10,9,14,17,13,10,14,15,12,7,14,15,10,7,14,15,11,8,14,17,12,9,14,15,12,7,14,15,10,9,14,15,12,7,14,15,11,8,14,15,10,9,14,15,11,8,14,15,11,8,14,15,12,7,14,15,30,8,14,15,14,9,14,15,11,10,14,15,12,9,14,15,12,7,14,15,12,7,14,15,10,7,14,15,10,7,14,15,10,7,14,15,12,11,14,15,10,7,14,15,12,7,14,15,12,9,14,15,12,7,14,15,12,7,14,15,12,9,14,15,30,8,14,15,11,8,14,15,10,7,14,15,12,9,14,15,12,7,14,15,12,7,14,15,12,7,14,15,370
1,1,1,1529
1,2,1,1107
1,5,1,158
2,2,2,377,1498,5,2,0,7336
2,2,1,324,4,1,513
1,2,1,805
1,2,1,2182
1,6,3172,40,3
1,2,1,747
1,3,1,643
1,4,1,57
1,6,1,108
2,1,3,396,2,772,6,2,1507,7
1,2,1,90
1,2,1,988
4,2,5,516,357,720,8,70,1,2,267,833,1,1,207,1,1,143
1,4,2,20,84
1,6,7,1,44,152,86,2,61,174
1,2,22,667,42,42,26,25,27,26,37,39,24,29,25,32,36,28,21,24,18,27,20,44,832
1,7,2,203,20
1,6,1,309
2,6,2,123,138,1,1,105
1,6,1,238
1,1,3,400,2,770
2,1,1,1556,1,1,1087
2,2,2,495,527,5,407,354,14,15,17,14,15,25,14,15,19,14,15,19,16,17,19,14,15,17,14,15,17,14,15,17,14,15,17,14,15,19,14,15,19,14,15,17,14,15,2114,15,17,14,15,19,14,15,40,14,15,19,14,15,17,14,15,17,14,15,19,14,15,2114,15,17,14,15,17,14,15,17,14,15,2114,17,23,14,15,17,14,15,17,14,15,19,14,15,17,14,15,19,14,15,42,14,15,19,14,15,17,14,15,19,14,15,17,14,15,17,14,17,19,14,15,17,14,15,2114,15,19,14,17,19,14,15,17,14,15,19,14,15,17,14,15,2114,15,17,14,15,40,14,15,19,14,15,2114,15,17,14,15,17,14,15,17,14,15,19,14,15,19,14,15,19,14,15,19,14,15,19,14,15,17,14,15,17,14,15,17,14,15,17,14,15,17,14,15,36,14,15,19,14,15,17,14,15,19,14,17,19,14,15,17,14,15,17,14,15,19,14,15,17,14,15,19,14,15,17,14,15,17,14,15,19,14,17,2114,15,19,14,15,19,14,15,38,14,17,19,14,15,2114,17,19,14,15,2114,15,2114,15,17,14,15,17,14,15,19,14,15,19,14,15,19,14,17,2114,15,19,14,15,19,14,15,17,14,15,17,14,15,36,14,15,19,14,15,19,14,17,23,14,15,19,14,15,17,14,15,19,14,17,2114,15,19,14,15,19,14,15,19,14,15,19,14,15,19,14,15,19,14,15,19,14,15,19,14,15,38,14,15,23,14,15,2114,15,2114,15,19,14,15,19,14,15,17,14,15,17,14,15,17,14,15,23,14,15,17,14,15,19,14,15,2114,15,19,14,15,19,14,15,2114,15,38,14,15,19,14,15,17,14,15,2114,15,19,14,15,19,14,15,19,14,15,157,21
1,4,1,212
1,7,1,7065
2,2,2,654,137,4,1,623
1,2,1,997
1,3,1,163
1,2,1,1502
1,2,2,1283,76
1,2,1,1395
1,2,1,399
1,7,2,74,84
1,7,1,7254
1,7,1,14
2,2,1,528,2,1,260
1,1,6,406,4,35,5,726,20
1,2,1,383
1,2,5,98,44,9,1858,93
1,7,1,7077
1,2,1,1617
1,2,1,1182
5,1,2,4,176,1,1,1906,2,1,295,2,1,673,1,1,7178
1,2,1,1923
2,2,1,2218,1,1,1339
1,4,2,70,50
1,7,405,365,15,922,15,930,15,924,15,924,17,11,24,15,922,15,922,15,922,15,922,15,924,15,924,15,922,15,926,15,922,15,924,15,945,15,924,15,922,15,922,15,924,15,926,15,922,15,922,15,922,15,926,15,11,28,15,922,15,922,15,924,15,922,15,924,15,947,15,924,15,922,15,924,15,922,15,922,15,11,24,15,922,15,926,15,924,15,11,24,15,922,15,924,15,922,15,926,15,922,15,945,15,924,15,926,15,922,15,922,15,922,15,924,15,924,15,924,15,924,15,924,15,922,15,922,15,922,15,922,15,922,15,941,15,924,15,922,15,924,15,11,24,15,922,15,922,15,924,15,922,15,924,15,922,15,922,15,924,15,11,26,15,924,15,924,15,943,15,11,24,15,926,15,11,24,15,926,15,926,15,922,15,922,15,924,15,924,15,924,15,11,26,15,924,15,924,15,922,15,922,15,941,15,924,15,924,15,11,28,15,924,15,922,15,924,15,11,26,15,924,15,924,15,924,15,924,15,924,15,924,15,924,15,924,15,943,15,928,15,926,15,926,15,924,15,924,15,922,15,922,15,922,15,928,15,922,15,924,15,926,15,924,15,924,15,926,15,943,15,924,15,922,15,926,15,924,15,924,15,924,15,9
1,6,1,562
1,2,2,839,64
1,7,1,7221
1,7,2,7195,25
1,3,1,581
1,2,1,1021
1,2,1,504
1,7,2,1553,8
1,6,1,510
1,2,2,184,58
1,2,1,2360
1,6,7,96,31,16,39,38,6,34
1,2,2,183,343
1,7,145,321,19,45,46,54,4852,4846,46,46,46,484846,50,46,4820,49,4846,46,4850,46,46,46,52,52,46,46,4846,4822,49,4846,4846,484846,50,50,4846,4846,50,46,22,47,4850,46,46,46,484848484846,46,46,46,46,20,45,4846,50,4846,46,4846,4846,46,50,50,484820,49,4852,4850,50,46,46,484850,50,484846,46,20,45,4850,52,4846,50,50,484848484848484820,47,52,50,50,484846,46,46,52,46,4850,484850,20,47,4846,50,484848
2,1,3,413,3,762,6,2,1607,8
1,2,3,449,144,1251
1,1,3,419,3,759
1,7,1,85
2,2,3,1319,89,122,1,1,1093
1,2,1,138
2,1,5135,50,51,175,679,6,157,116,150,41,19,35,46,54,48,48,52,46,46,46,46,48,48,46,50,46,48,30,39,48,46,46,48,50,46,46,46,50,54,46,46,48,46,48,32,39,48,46,48,46,46,50,46,50,48,50,46,48,46,50,46,32,37,48,50,46,46,46,48,48,48,48,48,46,46,46,46,46,30,35,48,46,48,50,46,46,48,46,48,46,46,48,52,48,48,30,37,50,50,50,50,50,46,46,48,48,48,52,48,48,46,46,30,35,48,48,54,48,46,48,52,48,48,48,48,48,48,48,48,30,37,52,50,50,48,48,46,46,46,52,46,48,50,48,48,50,30,37,48,46,50,48,48,48,61,22,13,55,29,4,18,9,87,5
1,2,4,2249,39,3
1,2,1,1129
2,2,1,1659,5,1,228
1,1,1,1558
1,7,135,376,46,54,4850,50,46,46,46,46,484846,50,46,4869,4846,46,4850,46,46,46,50,54,46,46,4846,4871,4846,4846,46,50,46,50,4850,46,4846,50,46,69,4850,46,46,46,484848484846,46,46,46,46,65,4846,4850,46,46,4846,4846,46,4852,484867,50,50,50,50,50,46,46,48484852,484846,46,65,484854,4846,4852,484848484848484867,52,50,50,484846,46,46,52,46,4850,484850,67,4846,50,484848
2,2,1,402,1,1,641
1,3,2,36,12
1,4,1,102
1,2,5,2048,14,8,11,257
1,2,1,2195
1,2,1,1088
2,3,3,225,99,8,2,1,73
1,2,1,1071
1,7,1,7000
1,4,1,56
2,2,19,97,7,9,19,2,12,487,6,2,31,44,42,26,24,28,428,744,93,252,2,1,276
1,5,1,31
2,1,3,424,2,758,6,2,1657,7
1,2,1,444
1,1,2,820,571
1,6,2,613,8
1,3,1,461
1,6,2,393,174
1,1,1,1546
1,1,3,428,2,756
1,4,2,22,121
1,2,2,382,110
1,2,1,53
1,1,13,48,2,3,3,4,3,4,5,3,3,7,2,6
1,2,1,1333
1,6,2,379,38
1,2,1,872
2,1,3,432,2,754,6,2,1703,7
1,2,2,612,1228
2,1,3,436,3,751,6,2,1749,8
1,3,2,6,1290
1,4,1,153
1,1,3,420,3,759
1,7,1,138
1,2,2,1045,1274
1,3,4,151,560,204,83
1,2,1,82
1,2,1,2269
1,7,6,294,7,6687,254,9,10
1,4,1,248
1,2,2,613,217
1,2,1,1915
4,2,1,1677,1,2,885,90,1,1,84,1,1,147
1,2,1,1174
1,6,2,420,3
1,2,11,719,118,27,136,24,26,34,513,36,47,31
1,4,1,158
1,2,1,1074
1,5,1,93
1,2,1,691
1,2,2,336,26
1,2,1,1867
1,2,1,1415
1,1,2,442,751
1,1,1,447
1,2,1,831
2,1,3,452,2,744,6,2,1797,7
1,3,2,1213,7
1,2,10,172,79,305,645,32,41,31,135,39,16
1,6,2,84,62
1,6,5,547,11,39,12,23
1,6,1,284
1,2,1,1010
1,6,1,439
2,2,1,1401,1,1,409
1,2,2,384,351
1,7,1,37
1,6,2,521,81
1,2,2,226,40
2,2,2,1375,983,5,5,107,74,73,6774,4
1,2,2,1797,76
1,2,2,1932,197
1,2,1,2058
1,2,1,1351
2,3,1,1185,1,1,43
1,6,1,192
1,3,3,129,593,45
1,2,1,1673
1,7,1,7142
1,3,1,454
3,2,3,173,380,755,4,1,321,1,2,7158,126
3,2,5,717,429,57,282,234,2,5,10,36,65,60,30,2,1,351
1,6,2,53,228
1,2,1,0
1,2,2,1405,68
1,6,2,333,250
1,6,1,676
1,4,1,267
1,2,1,1117
1,2,1,241
1,2,1,2177
2,1,1,124,5,1,648
1,6,1,217
1,7,1,7001
1,6,1,104
1,1,3,456,2,742
1,6,1,660
1,4,2,24,55
1,2,4,746,586,206,31
2,1,3,460,2,740,6,2,1843,7
2,1,3,464,3,737,6,2,1912,8
1,3,1,1189
4,2,2,1370,75,1,2,224,151,2,3,33,50,29,2,1,5
1,3,3,0,30,542
1,2,1,433
1,2,1,1247
1,1,1,1559
1,2,1,2171
2,2,1,2033,5,2,7264,66
1,2,1,1675
1,1,3,630,3,657
1,5,1,245
1,2,1,1151
2,2,1,548,2,2,26,149
1,2,1,648
1,1,2,52,75
1,2,1,695
1,3,2,1214,7
1,2,1,281
1,2,1,84
1,4,1,206
1,3,1,64
1,5,1,174
1,2,1,1587
1,2,1,2199
1,2,8,326,4,26,54,10,165,14,1243
1,4,1,284
1,2,7,64,10,488,82,1265,18,198
1,4,1,51
1,3,2,7,1290
1,1,3,140,334,735
1,2,2,1888,16
1,3,1,1336
1,2,1,1026
2,5,1,86,2,1,7223
1,4,1,154
1,4,3,86,111,82
1,2,1,992
2,6,1,17,1,4,6993,57,20,38
1,7,3,7029,74,30
2,1,3,470,2,735,6,2,1964,7
1,2,1,1389
1,2,1,162
1,2,1,1897
1,6,577,9,6,6,5
2,2,4,1374,82,48,121,5,280,312,19,24,1432,1440,1434,1434,16,36,1432,1432,1432,1432,1434,1434,1432,1436,1432,1434,1427,28,1434,1432,1432,1434,1436,1432,1432,1432,1436,1440,1432,1432,1434,1432,1434,1429,28,1434,1432,1434,1432,1432,1436,1432,1436,1434,1436,1432,1434,1432,1436,1432,1429,26,1434,1436,1432,1432,1432,1434,1434,1434,1434,1434,1432,1432,1432,1432,1432,1427,24,1434,1432,1434,1436,1432,1432,1434,1432,1434,1432,1432,1434,1438,1434,1434,1427,26,1436,1436,1436,1436,1436,1432,1432,1434,1434,1434,1438,1434,1434,1432,1432,1427,24,1434,1434,1440,1434,1432,1434,1438,1434,1434,1434,1434,1434,1434,1434,1434,1427,26,1438,1436,1436,1434,1434,1432,1432,1432,1438,1432,1434,1436,1434,1434,1436,1427,26,1434,1432,1436,1434,1434,1434,14
1,2,3,738,290,480
1,2,1,1128
2,1,3,477,2,733,6,2,2010,7
2,1,3,481,3,730,6,2,2056,8
1,2,1,1358
1,2,1,1943
2,6,1,671,1,5,12,13,6,4,7127
2,1,4,210,824,4,466,6,2,6563,9
1,3,1,191
1,6,2,134,4
1,3,2,1150,14
1,3,1,98
2,2,3,820,694,187,1,1,241
1,2,1,1946
1,2,1,972
1,6,1,499
1,6,1,301
1,5,1,214
1,4,1,180
1,2,1,1292
1,3,4,125,2606,2
1,2,2,300,1564
1,2,3,1177,280,283
1,2,1,1027
1,7,1,7083
1,1,3,487,3,727
1,1,3,493,2,725
1,4,1,29
1,2,1,292
1,6,1,570
1,7,1,117
2,1,3,497,2,723,6,2,2104,7
1,1,3,501,2,721
1,3,1,313
1,2,1,1169
1,7,1,7308
1,7,1,7031
1,2,1,942
1,3,1,1012
1,5,1,132
1,6,1,438
1,2,1,1362
1,2,1,1816
1,6,1,331
1,6,1,483
1,2,1,1297
2,2,1,866,4,4,313,94,59,30
2,2,1,2200,3,1,84
1,7,1,7124
1,7,1,7194
1,2,1,408
1,7,1,36
1,2,1,1624
1,2,1,424
2,2,24,120,9,438,8,62,297,31,150,155,6,10,32,49,27,34,36,24,25,47,60,138,10,15,170,1,1,502
1,3,2,8,1290
1,2,2,340,267
1,2,1,688
3,2,5,12,154,1737,428,17,4,1,33,1,1,7212
1,6,1,10
1,7,1,225
1,3,2,836,118
1,3,1,270
1,2,2,476,405
1,5,1,126
1,3,1,55
2,4,1,31,2,2,113,17
1,2,2,305,1404
1,2,1,2162
1,2,1,1044
2,1,1,81,6,2,6989,254
1,7,1,139
1,7,1,183
2,2,1,763,1,1,458
1,1,1,352
1,2,1,257
1,3,4,840,2106,2
1,7,1,7136
1,4,1,239
2,2,1,232,2,1,145
2,2,1,1718,2,1,60
1,1,2,40,21
3,2,4,89,1872,127,120,2,1,108,3,2,7230,66
2,2,2,1006,206,2,1,311
1,6,1,132
1,6,1,29
3,2,1,1058,1,5,115302,276,218,155,2,1,115
1,5,1,246
2,3,2,43,19,2,1,49
1,3,1,565
1,2,1,1336
1,4,1,89
1,3,1,1119
1,2,2,304,49
2,1,3,505,2,719,6,2,2150,7
1,4,1,191
2,2,26,537,261,134,43,16,12,77,21,70,48,4,87,19,15,5,28,30,73,14,25,10,97,37,59,305,212,2,7,72,4,4,8,48,8,46
1,2,1,1369
1,2,2,662,108
1,7,1,264
1,7,2,261,6880
1,7,1,140
3,2,1,1184,1,1,761,4,1,7239
1,2,1,1652
2,1,3,509,2,717,6,2,2200,7
3,2,1,394,1,1,70,1,1,193
2,2,2,961,592,4,4,596,12,10,13
2,2,1,1688,1,1,1198
2,2,1,787,5,1,6985
1,1,615,3,6,2,2,2,3,4,3,2,2,2,1,3,6,4,2,2,5,5,3,4,3,2,6,56,3,3,3,3,3,2,4,3,4,2,16,7,3,3,45,3,2,2,2,2,2,2,4,2,2,2,2,2,2,2,2,2,2,2,2,2,2,2,2,2,2,2,2,2,2,2,2,2,2,2,2,2,2,2,2,2,2,2,2,2,2,2,2,2,2,2,2,2,2,2,3,2,2,2,2,2,2,2,2,3,3,4,4,2,2,2,2,2,2,2,2,2,2,4,5,3,3,3,4,2,2,2,2,2,3,3,5,5,2,2,2,2,2,2,3,3,2,2,3,2,2,3,3,3,3,2,2,2,2,2,2,2,2,2,2,2,2,2,2,2,2,2,2,2,2,2,2,2,2,2,2,2,2,2,2,2,2,2,2,2,2,2,3,3,2,2,2,2,2,2,2,2,2,2,2,2,2,2,2,2,2,2,2,2,2,2,2,2,2,2,2,2,3,3,3,3,2,2,2,2,2,2,2,2,2,2,2,2,2,2,2,2,2,2,2,2,2,2,2,2,2,2,3,2,2,2,2,2,2,2,2,2,2,3,2,2,2,2,2,2,2,2,2,2,2,2,2,2,2,2,2,2,2,2,2,2,2,3,3,2,2,2,2,2,2,2,2,2,2,2,2,2,2,2,4,4,2,2,2,2,2,3,2,2,2,2,2,2,5,3,2,2,2,3,2,2,2,3,3,4,4,3,3,2,2,2,2,3,2,2,3,3,2,2,2,2,2,2,3,3,2,2,3,3,2,2,3,2,2,3,3,3,3,3,3,3,4,2,2,2,2,2,2,2,2,2,2,2,2,2,2,2,2,2,2,2,2,2,2,3,3,2,2,2,2,2,2,2,2,2,2,4,4,3,3,3,3,2,2,2,2,2,2,2,2,2,2,3,3,2,2,2,2,6,3,2,2,2,2,2,2,2,2,2,2,2,2,2,2,2,2,2,2,2,2,2,2,2,2,2,2,2,2,2,2,2,3,4,2,2,2,2,2,4,3,3,2,2,2,3,5,2,2,2,3,2,3,2,3,3,2,2,2,2,2,2,2,2,2,2,2,2,2,2,2,2,2,2,2,3,2,2,2,2,2,2,2,2,2,2,2,2,2,2,3,3,2,2,2,2,2,2,2,2,2,2,2,2,2,3,2,2,2,2,2,3,2,2,2,2,2,2,2,2,2,2,2,2,3,2,2,2,2,2,2,2,2,4,2,2,2,3,2,2,2,5,2,2,2,2,3,4,3,2,2,3,2,3,2,2,2,3,2,3,2,3,2,3,3,3,3,2,2,2,2,2,2,2,2,2,2,2,3,2,2,2,2,2,4,3,3,2,2,2,2,2,3,2,2,27
1,1,2,165,7
1,2,1,1056
1,2,1,868
1,7,1,75
1,3,1,981
1,2,1,692
1,2,1,443
1,6,2,233,402
1,4,1,152
1,6,1,34
1,2,1,2361
1,2,1,481
1,2,1,885
2,2,2,221,1739,4,1,480
1,6,1,681
1,6,1,460
1,2,4,7,6,240,2062
1,3,2,451,836
1,3,1,651
2,1,1,21,5,9,136,27,36,3,20,128,5,194,10
1,21,2
1,4,3,33,38,68
1,7,1,184
1,7,1,259
1,2,1,1158
1,3,1,511
1,7,1,33
1,6,1,569
1,2,1,742
1,7,3,24,7127,126
3,2,1,541,4,1,93,1,1,7071
1,6,2,538,8
1,4,1,272
1,7,1,6996
2,2,1,2163,1,1,1107
1,6,1,658
1,7,1,160
1,2,1,1554
2,1,3,513,2,715,6,3,2246,7,4782
1,2,1,781
2,2,2,1404,119,2,4,220,21,11,5
1,3,1,341
2,3,1,509,4,8,7009,2,2,6,7,123,116,67
1,7,2,6994,57
1,7,2,2292,8
1,2,6,30,31,78,9,494,1564
2,2,1,2337,1,2,338,849
1,2,1,768
2,2,20,665,42,42,26,25,27,26,37,39,24,29,25,68,28,21,24,18,47,44,682,1,2,1148,14
1,2,1,1161
1,6,1,145
1,1,1,70
1,2,1,1942
2,3,2,9,1290,3,1,373
1,1,3,517,2,713
1,7,145,315,19,37,46,54,4850,50,46,46,46,46,484846,50,46,4828,41,4846,46,4850,46,46,46,50,54,46,46,4846,4830,41,4846,4846,46,50,46,50,4850,46,4846,50,46,30,39,4850,46,46,46,484848484846,46,46,46,46,28,37,4846,4850,46,46,4846,4846,46,4852,484828,39,50,50,50,50,50,46,46,48484852,484846,46,28,37,484854,4846,4852,484848484848484828,39,52,50,50,484846,46,46,52,46,4850,484850,28,39,4846,50,484848
1,2,1,274
1,7,1,7299
1,1,3,521,2,711
1,3,1,57
1,2,1,879
1,7,1,226
1,4,1,96
1,1,1,58
1,6,1,375
1,2,3,327,255,672
1,6,1,210
1,2,1,877
1,7,1,7097
1,7,2,6969,10
1,4,1,13
1,2,2,605,1251
2,1,3,525,2,709,6,2,2344,7
2,1,3,529,2,707,6,2,2394,7
1,3,1,456
3,2,2,354,1310,1,3,312,65,410,2,2,75,4
2,1,3,533,2,705,6,2,2440,7
1,2,2,2024,93
2,2,5,37,1973,93,90,44,2,1,262
1,2,3,347,241,1259
1,3,4,142,578,27,9
1,2,1,312
1,7,1,141
1,2,3,1083,146,591
1,7,10,21,7122,12,19,29,5,5,53,15,9
1,2,1,754
2,2,3,477,228,1045,1,4,160,272,7,802
1,7,1,7098
1,3,1,301
1,3,2,488,788
1,6,1,246
2,1,1,68,6,1,227
3,2,7,401,759,79,70,102,22,51,1,2,418,462,2,1,151
1,4,1,166
2,3,3,874,105,252,2,1,137
1,6,1,680
1,2,1,779
1,3,1,636
2,2,4,1288,35,249,159,2,1,189
2,1,3,537,2,703,6,2,2488,7
2,1,3,541,2,701,6,2,2534,7
2,1,1,960,6,2,5987,9
1,6,1,422
1,2,1,1073
1,2,1,753
1,7,10,322,19,783,785,785,773,779,793,793,795
1,5,1,52
2,6,1,392,1,1,7004
1,1,1,1560
1,7,1,7135
1,7,4,267,6705,92,45
1,72,2582,7
2,6,1,553,1,2,2630,7
1,6,3173,40,3
2,1,3,545,2,699,6,2,2697,7
1,7,1,229
1,2,1,2166
1,2,2,451,140
2,2,3,91,805,2,5,7,23,7153,29,5,5,53,24
1,6,1,9
1,6,1,620
1,7,1,7229
1,1,9,488,3,58,2,252,4,411,30,134
1,1,3,553,2,695
1,2,1,466
1,2,1,2135
1,1,3,557,2,693
1,2,1,611
1,3,2,10,1290
2,1,2,561,693,5,1,589
1,2,1,270
1,1,2,167,4
1,2,1,1054
1,3,1,1011
1,6,2,106,13
1,6,1,75
1,3,3,136,383,10
1,2,1,2076
1,6,16,51,3,1,12,3,8,5,4,25,43,56,17,9,14,28,287
2,2,2,1482,232,1,1,539
2,2,1,519,3,1,45
1,7,1,299
2,2,1,2149,4,1,360
1,3,1,156
1,7,1,7024
1,2,2,350,237
1,3,5,336,72,17,353,482
1,3,4,293,33,381,218
1,2,1,208
1,2,1,69
2,2,1,2349,2,1,7
1,7,1,6995
1,2,1,693
1,6,3,64,56,133
1,2,1,1908
1,2,1,615
2,3,2,838,118,2,1,81
1,7,1,7073
1,3,1,236
1,6,3,427,151,29
1,1,1,46
2,2,1,2258,4,1,13
1,2,2,2012,96
1,6,1,76
2,5,1,43,2,10,318,19,783,785,785,773,779,793,793,795
1,3,1,296
1,7,1,151
2,2,2,1100,41,2,1,119
6,1,2,8,176,2,1,284,1,1,0,1,2,0,219,1,1,0,1,7,91,3,2,2,15,14,25
1,2,1,225
2,1,3,563,2,691,6,2,2747,7
2,1,3,567,3,688,6,2,2795,8
1,6,1,243
1,3,1,795
1,2,1,299
1,2,1,1558
1,2,1,435
1,4,1,35
1,3,1,1192
2,2,2,93,1912,1,3,144,572,36
2,2,1,921,5,3,76,83,72
1,1,1,1540
2,6,7,158,6,3,7,9,3,3,1,7,83,4,22,10,13,98,6914
1,2,1,679
1,2,1,1295
1,2,1,546
1,2,1,1708
2,2,1,1936,4,1,151
1,6,2,336,250
2,1,3,573,2,686,6,2,2843,7
1,3,2,378,226
2,2,1,1819,1,1,282
2,2,1,1706,1,4,68,102,44,294
1,2,2,976,498
1,1,3,577,2,684
1,2,2,1294,140
1,3,2,307,43
1,2,1,1938
1,1,1,1561
1,3,1,637
1,2,2,970,606
1,2,1,398
1,6,1,501
1,6,1,527
1,6,1,441
1,3,1,1340
1,7,2,7161,126
1,2,1,2362
1,6,1,467
1,7,145,308,19,29,46,54,484852,46,46,46,46,484846,50,46,4836,33,4846,46,4850,46,46,46,50,54,46,46,4846,4838,33,4846,4846,46,50,46,50,4850,46,4846,50,46,38,31,4850,46,46,46,484848484846,46,46,46,46,36,29,4846,4850,46,46,4846,4846,46,4852,484836,31,50,50,50,50,50,46,46,48484852,484846,46,36,29,484854,4846,4852,484848484848484836,31,52,50,50,484846,46,46,52,46,4850,484850,36,31,4846,50,484848
1,6,1,505
1,2,1,660
3,3,1,594,1,3,15,40,73,2,1,81
1,7,4,6991,51,6,18
2,1,3,581,2,682,6,2,2889,7
2,3,1,1328,4,1,269
2,1,3,585,2,680,6,2,2935,7
1,1,1,34
1,7,1,234
2,2,1,170,4,1,46
1,7,2,305,6936
1,2,1,2283
1,2,1,453
1,2,1,214
1,2,1,2230
1,2,1,1157
1,2,2,1325,211
1,5,5,19,46,44,78,15
1,7,1,7090
1,4,1,28
1,6,2,296,43
1,6,1,353
1,2,2,926,1396
1,2,1,220
1,1,16,12,126,3,3,3,23,18,3,48,236,219,237,162,117,112,129
1,6,1,443
1,7,1,7061
1,7,1,7192
1,2,1,1029
1,3,1,1088
1,7,4,153,103,7017,52
1,2,1,185
1,4,1,301
1,2,1,652
2,1,3,589,2,678,6,2,2981,7
1,1,3,593,2,676
2,1,3,597,2,674,6,2,3031,7
2,1,5,717,194,3,421,106,6,3,123,1431,8
1,2,1,1301
1,1,1,16
2,1,3,601,2,672,6,2,3079,7
3,2,3,1192,134,253,1,5,89,21,280,92,23,2,1,95
2,1,3,605,2,670,6,3,3125,7,3904
2,3,2,12,1290,3,11,291,4,2,2,5,4,3,3,3,3,52
2,1,3,609,2,668,6,2,3173,7
2,2,1,1260,2,1,290
1,6,2,413,240
1,2,4,799,27,214,712
3,1,3,613,2,666,5,1,551,1,2,3221,7
1,2,2,2068,11
1,2,1,1585
1,2,1,985
1,3,1,447
1,2,1,629
1,3,1,661
1,6,1,357
1,2,2,604,1251
2,2,1,2351,4,2,141,15
1,2,2,339,267
2,2,5,86,263,237,630,878,2,1,165
2,2,2,1957,11,4,1,429
1,6,9,72,18,7,19,60,162,46,4
1,2,1,2327
2,1,3,617,2,664,6,2,3267,7
1,2,1,111
1,2,2,2158,40
1,7,1,7191
1,3,1,772
1,6,1,347
1,6,1,180
1,2,1,2172
1,2,1,1249
1,2,1,1127
1,2,1,748
1,2,4,448,55,89,1251
1,2,2,774,349
1,6,1,94
3,11152,2,2,13,1290,4,16,50,11111113,1111111
1,2,1,112
1,2,1,387
1,1,3,621,2,662
3,2,1,1385,1,1,220,2,6,57,44,38,27,13,15
2,1,3,625,2,660,6,2,3313,7
1,2,1,2093
1,2,4,325,259,14,1243
1,2,2,507,1775
1,6,1,256
1,2,1,421
1,2,1,427
1,3,1,923
2,1,4,213,828,3,463,6,2,6631,8
1,2,6,338,58,19,47,147,1252
2,1,1,134,5,1,684
2,1,4,199,745,3,512,6,2,5886,9
1,4,1,134
2,2,5,1352,19,75,432,177,1,7,109,280,297,22,190,28,156
2,1,3,568,3,688,6,2,2796,8
2,1,6,629,3,3,3,651,3,6,2,5721,8
1,2,1,87
1,1,3,641,2,652
1,2,1,1131
1,1,1,647
1,1,2,645,652
1,3,2,14,1290
1,1,1,155
1,3,3,1050,120,8
1,3,1,299
1,2,1,1582
1,7,8,99,76,7,332,7,3
2,1,4,196,742,3,515,6,2,5836,8
1,1,3,649,2,648
3,2,2,786,378,1,3,150,560,204,2,2,16,219
2,2,2,108,1841,5,1,6984
2,1,3,653,2,646,6,2,3359,7
2,2,1,264,3,1,70
1,2,1,1426
1,2,1,524
2,2,1,2139,5,1,7298
1,6,1,282
1,7,1,162
2,2,3,1396,160,634,1,1,193
2,1,3,657,2,644,6,2,3405,7
1,2,1,1588
1,6,1,573
1,2,1,411
1,2,1,2156
1,2,1,2040
1,7,1,236
1,4,1,181
1,1,3,893,3,536
1,2,1,1196
1,2,1,2057
1,1,3,661,2,642
3,2,1,1876,1,2,358,842,4,3,157,6963,9
1,7,1,7092
1,2,1,2181
1,6,1,473
1,1,3,665,2,640
1,1,3,669,2,638
1,2,1,2356
1,5,1,120
2,1,3,673,2,636,6,2,3470,7
2,3,3,148,469,384,3,1,275
1,2,1,321
1,3,1,784
1,3,3,132,593,45
1,7,1,142
4,2,6,9,145,532,192,181,85,1,1,986,2,1,116,2,1,7034
1,2,3,285,311,1253
1,2,4,697,1032,61,80
2,2,2,2207,117,5,1,7217
1,1,3,835,5,560
3,2,5,105,2,1500,696,39,2,1,6,2,1,12
1,3,1,537
1,2,1,912
2,1,3,677,2,634,6,2,3518,7
2,2,1,924,1,3,346,261,589
3,2,1,1612,1,2,96,728,1,2,237,38
1,3,1,596
1,6,2,195,44
1,2,2,438,64
1,2,1,434
1,7,1,143
1,7,1,78
2,2,4,5,1764,559,17,5,1,144
1,2,2,601,1245
3,1,1,1530,1,1,4,5,2,27,16
1,6,1,300
2,2,2,1638,90,1,1,740
1,7,1,7114
1,3,2,535,96
2,2,1,674,2,1,236
1,2,4,1119,279,269,607
1,2,2,600,1245
1,2,1,1130
1,3,44,78,13,25,37,30,140,58,39,24,36,66,2,1911,7,24,35,33,2,15,3,7,54,56,40,11,6,33,2,6,96,28,5,26,6,18,1923,2,7,2,89,3,19
1,5,1,77
1,6,2,371,141
2,1,4,202,748,3,509,6,2,5936,8
1,3,1,816
1,2,1,610
1,2,1,1817
1,3,1,616
2,1,3,681,2,632,6,2,3564,7
2,3,244,2,30,12,3,2,5,4,5,4,4,4,4,4,5,4,13,8,4,4,7,5,7,3,3,3,3,5,9,15,4,4,3,4,2,5,3,5,2,4,6663,2,5,4,12,4,64,663,4,4,4,12,3,4,4,663,3,5,3,65,17,68,4,62,5,2,7,7,14,3,3,2,5,4,2,4,5,13,5,5,2,4,4,2,4,3,3,20,5,4,2,3,8,2,3,8,14,4,5,4,4,2,7,7,3,12,3,2,3,4,3,7,2,3,5,14,69,4,3,4,4,3,3,3,3,3,5,3,7,612,3,63,5,8,67,4,7,5,4,3,2,3,15,4,63,4,4,4,4,3,5,9,5,5,3,9,64,3,3,5,3,4,16,64,4,5,5,5,7,5,3,65,4,4,4,7,14,3,5,5,3,3,10,4,19,5,5,2,4,14,3,3,3,3,18,4,4,3,3,5,16,4,2,2,3,2,4,5,5,13,5,7,4,64,67,4,4,5,5,2,7,4,29,10,2,3,5,213,6
2,2,1,986,1,2,15,1290
1,1,3,143,550,628
1,3,1,1262
1,3,4,103,610,204,11
1,72,3610,7
2,1,3,685,2,630,6,2,3662,7
1,7,1,7082
1,4,1,228
1,1,3,689,2,628
1,2,3,1227,18,420
2,2,2,834,125,4,1,247
1,3,2,320,776
1,2,1,756
2,2,1,244,4,2,535,130
1,7,1,79
1,2,1,893
2,2,1,941,5,1,7147
2,2,4,1237,212,353,474,1,4,415,274,212,184
1,1,2,696,628
1,1,3,700,2,624
2,1,1,698,6,2,3708,7
1,1,3,704,2,622
1,1,3,708,2,620
2,1,3,712,2,618,6,2,3754,7
3,2,1,1235,1,4,859,10,116,168,1,1,251
2,6,1,334,1,3,163,7006,119
2,3,1,1330,1,1,231
1,2,1,2041
1,7,1,118
1,6,1,292
1,7,1,120
2,1,2,7,176,5,1,15
1,2,1,2165
1,2,1,71
1,6,1,224
1,4,2,243,16
1,6,9,71,24,31,16,39,38,2,4,34
1,1,3,858,3,552
1,6,1,462
1,5,1,212
1,7,1,7027
1,2,1,73
1,1,2,716,618
1,2,1,70
1,4,2,172,30
1,72,3800,7
1,2,1,2175
2,2,2,1613,124,2,1,116
1,2,1,1136
1,2,1,210
1,2,1,1048
1,1,3,719,2,616
2,1,3,926,2,520,6,2,3848,7
1,7,1,58
2,2,7,72,504,405,184,29,235,545,1,1,1338
1,3,1,504
1,2,1,669
1,2,1,894
1,2,1,1218
1,2,2,621,1231
1,2,1,43
1,7,1,6997
1,7,1,7307
1,6,1,22
1,2,1,1142
1,7,1,7112
1,3,1,280
1,2,1,1079
1,4,1,242
1,3,1,197
1,3,1,1125
1,2,3,1796,433,17
1,6,2,268,3
1,4,1,148
1,1,2,24,77
1,7,1,7127
1,7,1,287
2,1,3,723,2,614,6,2,3896,7
1,6,1,344
1,2,2,602,1578
1,2,2,627,1226
1,1,2,727,614
1,6,1,625
1,3,1,969
1,2,1,760
1,2,1,618
1,6,1,646
1,6,4,101,95,61,20
1,7,1,146
1,7,1,68
1,3,1,892
3,2,1,547,2,1,182,3,1,48
1,3,1,551
1,7,1,193
1,1,1,64
1,2,1,860
1,2,4,789,115,58,11
1,2,1,822
1,3,1,1197
1,6,1,270
1,3,2,306,43
1,2,1,246
1,7,1,238
2,2,2,18,2341,5,1,90
1,2,1,1993
2,2,1,1015,5,2,7012,6
1,6,2,614,12
2,1,3,729,2,612,6,2,3942,7
1,2,1,391
2,1,3,733,2,610,6,2,3988,7
1,4,1,310
1,1,1,1543
2,2,1,295,1,3,139,383,10
1,2,1,1920
2,1,3,737,2,608,6,2,4034,7
1,4,1,118
2,1,2,886,541,6,2,4086,7
2,2,4,2049,14,8,11,5,1,282
1,2,1,539
1,72,4136,7
2,2,1,687,4,1,263
2,1,3,741,2,606,6,2,4184,7
1,7,2,7010,4
1,7,1,93
1,2,2,2233,15
1,5,1,160
1,7,1,300
3,3,1,222,2,1,141,2,1,7311
2,2,15,28,22,119,645,83,258,85,798,28,18,148,15,20,45,11,2,3,37,72,106
1,4,1,199
1,1,3,745,2,604
1,3,1,45
1,2,3,1533,97,422
1,5,1,90
1,2,1,2153
1,2,1,937
1,2,1,1111
3,2,1,2310,1,1,46,1,1,17
1,4,2,39,111
2,1,3,749,2,602,6,2,4249,7
2,2,3,551,481,147,1,1,583
2,3,2,16,1290,4,94,436,14,40,56,16,17,11,232,4894,10,86,117,188,198,31,11,12,234,40,31,40,225,11,104,40,39,11,94,94,10,86,29,40,48196,40,4856,48335,102,31,11,148,86,148,31,11,10,40,4875,31,11,4810,31,11,58,40,142,484839,11,10,4840,261,31,11,12,40,133,11,10,40,56,40,104,136,115,62,90,48198,86,98,48309,484848
1,4,1,67
1,1,2,753,602
2,2,1,1599,5,1,10
2,1,1,755,6,2,4301,7
1,2,2,2046,14
1,1,4,216,831,3,460
1,1,1,44
1,6,2,474,74
2,2,1,323,4,15,107,42,36,3,41,6,129,5,30,91,17,2,21,4,111
1,2,2,616,1242
1,3,2,247,717
1,3,1,1152
1,2,1,857
2,1,3,757,2,598,6,2,4349,7
1,2,2,123,1139
2,1,3,761,2,596,6,4,4401,7,39,8
1,6,1,31
1,2,3,486,187,741
1,7,2,5887,9
3,1,6,765,3,34,4,555,20,1,7,55,7,650,120,1093,277,34,5,9,97,5,2,2,2,2,4389,8,2680
2,2,4,103,94,1753,135,4,5,23,16,9,18,174
2,2,2,17,2335,5,3,26,7124,126
1,6,1,63
1,2,1,318
1,2,1,1975
2,1,3,771,2,591,6,2,4547,7
1,3,1,960
1,2,1,1418
2,2,7,229,349,673,399,305,10,18,2,2,161,55
1,1,3,775,2,589
2,1,3,779,2,587,6,2,4593,7
2,3,6,297,484,10,16,366,8,1,1,240
1,3,1,653
1,4,1,137
1,2,3,2022,22,78
1,6,1,144
2,1,3,783,2,585,6,2,4641,7
1,2,1,795
2,3,1,1319,3,1,678
1,2,1,1887
1,2,2,1256,328
1,2,1,1170
1,3,2,844,108
1,7,1,7074
1,7,1,7056
1,2,1,2298
1,3,4,17,249,29,1012
1,2,1,1043
1,6,1,61
1,2,1,714
1,2,1,1036
2,2,1,1954,4,1,571
3,2,3,23,2111,8,4,10,109,52,4,10,4,5,6,285,43,152,12,241,1
2,2,1,2035,3,1,244
1,2,1,741
1,3,1,498
1,2,1,540
2,1,3,787,2,583,6,2,4689,7
4,2,9,445,380,115,406,144,119,75,31,77,1,5,396,384,78,62,353,1,2,208,30,1,1,154
1,2,1,1221
1,6,2,27,16
1,2,2,34,871
2,1,1,1542,5,3,298,42,247
1,2,1,1563
1,2,1,430
1,6,1,640
1,2,2,2031,179
1,7,1,7310
1,6,1,319
1,2,2,189,1465
1,2,1,1420
1,2,1,1469
1,4,1,87
1,2,1,346
1,7,1,161
2,1,1,158,2,2,18,1290
1,6,1,203
1,6,6,88,112,7,16,9,86
1,3,1,234
1,6,6,47,53,259,296,12,15
1,6,1,651
221,859,3,3,18,219,2
1,7,1,7126
2,1,3,791,2,581,6,2,4737,7
1,2,1,406
1,7,1,121
1,1,2,795,581
1,2,1,423
1,2,11,720,118,27,136,24,26,34,513,36,47,31
1,2,1,1198
1,2,1,1061
2,1,3,797,2,579,6,2,4787,7
1,3,1,1159
1,1,3,801,4,575
1,2,1,1916
2,1,3,809,2,573,6,2,4835,7
12,11
1,4,1,223
2,2,1,564,2,1,177
1,2,2,682,187
1,3,1,1264
23,4,104,610,204,11,4,3,95,124,2
4,1,1,173,1,1,1422,3,1,241,2,1,7316
1,6,1,401
1,3,1,165
1,6,1,503
1,4,1,195
21,1,1532,6,4,13,217,2
1,4,1,265
1,2,1,728
1,4,2,163,82
1,1,1,105
1,6,1,463
1,2,3,803,59,94
1,2,1,2036
1,3,1,361
1,6,3,74,31,13
1,2,1,521
1,2,1,1069
1,7,1,80
2,3,5,204,354,1,169,91,2,3,25,3,106
2,6,1,191,1,3,281,6689,10
1,7,1,6976
1,2,1,938
1,2,2,840,849
1,2,1,1653
1,2,1,1649
1,2,1,2174
1,6,1,159
1,6,1,177
1,6,2,128,165
2,1,2,813,573,6,2,4885,7
1,7,1,244
2,1,3,815,2,571,6,2,4931,7
1,2,1,309
2,2,2,33,536,4,2,24,16
2,2,1,2178,2,1,125
2,2,4,565,1456,22,78,2,1,178
1,2,2,1175,557
1,4,1,221
1,2,1,2065
1,2,1,278
2,3,2,367,33,4,1,7303
2,6,2,306,211,1,2,166,26
1,2,1,649
1,2,2,2251,12
2,2,1,1801,1,1,500
2,2,7,850,38,110,114,188,78,59,5,1,180
1,1,1,1545
2,2,1,373,4,1,493
2,1,5,819,3,2,566,3,6,2,4977,7
1,1,2,33,131
1,2,1,1616
4,1,1,1551,1,1,2370,4,1,307,1,1,7185
1,2,1,187
1,7,2,2293,8
1,2,1,1302
1,1,1,123
1,4,1,54
1,6,1,656
1,7,1,224
2,1,3,826,2,567,6,3,5042,7,1989
1,2,1,359
2,2,1,413,4,1,652
1,7,2,268,6836
1,2,1,2077
2,1,1,19,5,1,343
1,2,3,348,241,1259
2,3,1,1271,4,1,7252
1,3,1,347
1,2,1,202
1,2,1,2309
1,7,1,86
1,3,1,1089
1,2,2,681,206
1,2,2,1998,159
1,6,1,539
3,4,1,299,2,3,25,16,642,1,1,7199
1,7,1,112
1,2,2,1279,33
1,7,4,49,10,219,6867
1,6,1,492
1,1,3,865,4,548
4,1,1,1550,1,1,2369,4,1,677,1,1,7184
1,7,2,122,72
1,1,1,110
1,7,1,167
1,2,1,1364
1,7,1,262
1,6,1,529
1,7,1,42
1,7,1,7130
1,4,1,304
2,2,1,1207,5,2,240,23
1,2,1,1132
1,2,1,2314
3,3,1,1325,3,2,160,18,1,28,22,24,26,57,7,18,15,5,28,2,2,29,2,12,6791,116,19,29,5,5,33,15,5,5,10,933,9
2,2,2,360,54,1,1,600
1,2,1,1700
1,7,1,246
3,2,1,106,4,3,380,288,6,1,1,7089
1,6,1,641
1,7,2,5088,8
1,2,2,388,96
1,2,1,365
1,2,2,65,1852
1,5,1,40
1,4,1,285
1,3,2,19,1290
2,1,3,830,2,565,6,2,5136,7
1,1,1,17
2,6,1,273,1,1,7079
1,3,2,51,921
1,1,1,1537
1,1,1,82
1,2,1,733
1,2,1,1220
1,2,4,1291,185,46,58
1,2,1,2039
2,1,1,83,1,11,1759,4,11,3,3,5,19,2,31,28,26
2,2,2,545,672,1,2,20,1290
1,2,1,83
1,3,5,120,548,7,64,513
1,3,2,172,44
1,2,1,1656
1,1,3,834,5,560
1,7,1,124
1,2,2,1970,55
1,7,1,7025
4,2,5,136,9,12,2,2,2,1,159,2,1,194,1,416,313,19,17,9,15,22,9,15,26,13,15,24,9,15,22,11,17,26,9,15,22,9,15,22,9,15,22,9,15,22,9,15,24,9,15,24,9,15,22,9,15,24,11,15,22,9,15,24,9,15,24,19,11,15,24,9,15,22,9,15,22,9,15,23,10,15,25,10,15,22,9,15,22,9,15,22,9,15,23,12,15,27,12,15,22,9,15,22,9,15,23,10,15,22,9,15,22,11,15,26,18,12,15,24,9,15,22,9,15,23,10,15,22,9,15,22,9,15,26,9,15,22,9,15,23,12,15,24,9,15,26,9,15,22,9,15,24,9,15,22,9,15,24,11,15,22,9,15,26,17,11,15,24,9,15,25,10,15,22,9,15,22,9,15,22,9,15,22,11,15,24,9,15,24,9,15,22,11,15,22,11,15,22,9,15,22,9,15,22,9,15,22,9,15,22,9,15,24,17,9,15,24,9,15,22,9,15,22,11,15,26,9,15,22,9,15,22,9,15,22,11,15,22,9,15,24,9,15,22,9,15,22,9,15,22,11,15,26,11,15,24,9,15,24,9,15,24,17,11,15,26,9,15,24,11,15,26,9,15,23,12,15,25,10,15,22,9,15,22,9,15,24,9,15,24,9,15,24,9,15,26,11,15,22,11,15,24,9,15,22,9,15,22,9,15,24,17,9,15,23,10,15,22,11,15,27,12,15,24,9,15,22,9,15,23,10,15,26,11,15,24,9,15,22,11,15,24,9,15,23,10,15,22,11,15,23,10,15,23,10,15,24,9,15,24,18,10,15,26,11,15,23,12,15,24,11,15,24,9,15,24,9,15,22,9,15,22,9,15,22,9,15,24,13,15,22,9,15,24,9,15,24,11,15,24,9,15,24,9,15,24,11,15,24,18,10,15,23,10,15,22,9,15,24,11,15,24,9,15,24,9,15,24,9,15,173
1,2,1,1035
1,7,1,196
1,2,1,1122
1,5,1,162
1,5,1,34
2,4,3,282,6,5,2,1,11
2,2,1,1881,5,1,7095
2,2,2,772,1149,1,2,112,280
1,2,1,2260
1,2,2,1444,23
1,3,1,541
1,2,2,2164,12
1,2,1,1153
1,2,1,2112
1,4,3,47,2,57
2,4,2,63,3,3,2,7263,71
1,6,2,252,13
1,4,1,269
1,7,1,212
1,2,1,368
1,2,2,663,445
1,4,1,292
1,6,5,14,192,30,266,41
2,1,1,1536,6,3,2,27,16
1,7,1,273
1,3,1,87
1,4,1,302
1,2,1,944
4,2,2,54,2,2,1,48,2,2,26,16,1,1,7200
1,1,1,28
1,3,5,700,162,164,7,12
1,2,1,2222
1,7,1,168
2,2,1,127,5,11,280,31,19,783,785,785,773,779,793,793,795
3,2,2,52,1859,2,1,81,3,10,323,19,783,785,785,773,779,793,793,795
1,2,1,470
3,2,2,198,7,4,1,322,1,3,7269,5,61
1,7,1,170
1,7,1,7016
1,3,4,930,117,81,37
3,1,23,229,149,4,22,4,29,3,3,5,17,3,168,3,210,224,3,86,12,17,3,11,88,230,5,2,361,35,1,6,1750,8155,83656,8
1,3,1,442
1,4,1,45
1,7,2,7198,61
3,2,1,2365,2,1,309,3,1,7295
1,7,2,71,144
1,7,2,111,53
1,6,2,152,163
1,6,1,584
1,7,1,247
1,7,1,7006
1,7,1,248
2,5,2,14,219,2,1,7188
1,7,2,5188,8
1,2,1,471
3,2,31,109,28,10,487,32,42,42,26,25,27,26,37,39,24,29,25,68,28,5,16,24,7,11,47,44,7,2,323,166,138,441,2,4,277,6,6,5,2,1,21
1,4,1,168
1,7,1,125
2,1,3,414,3,762,6,2,1608,8
1,2,4,227,353,172,1086
1,7,2,5089,8
2,2,1,289,3,1,87
1,2,5,38,1973,93,90,44
3,2,1,2364,2,1,308,3,2,7041,253
1,2,2,317,54
1,2,1,603
1,2,1,1738
1,5,1,208
1,2,1,856
1,2,1,2170
1,2,1,1106
1,6,1,537
1,2,1,1261
1,4,3,85,111,82
1,2,1,1991
1,2,2,2268,10
2,3,1,990,1,2,19,80
2,1,3,842,2,560,6,2,5240,7
1,3,1,239
1,3,1,1266
3,2,2,282,640,2,1,300,3,1,77
1,6,1,557
1,2,5,20,75,45,9,494
1,7,10,319,19,783,785,785,773,779,793,793,795
1,2,1,544
1,2,1,919
1,6,3,400,59,13
2,6,7,28,417,2,2,2,2,2,1,1,7202
1,2,6,3,1811,19383,33,193
1,7,1,147
1,2,2,1931,197
1,3,2,849,154
2,31,639,2,2,168,3
1,3,2,231,6
2,1,2,846,560,6,2,5286,7
1,1,1,848
1,1,3,851,2,555
1,1,5,146,41,3,740,520
1,3,1,1207
1,2,1,1913
1,6,1,511
1,7,2,177,56
1,2,1,1754
2,1,3,482,3,730,6,2,2057,8
1,1,2,855,555
2,1,3,857,3,552,1,1,780
2,2,1,700,1,1,59
1,2,9,228,26,120,23,32,60,31,61,1258
1,1,3,863,4,548
1,2,1,711
2,1,3,871,3,545,6,2,5332,8
1,4,2,234,21
3,2,1,2185,1,2,344,614,2,1,135
1,2,1,851
1,2,2,1643,670
1,6,1,82
1,2,1,957
1,2,1,1197
1,4,1,21
1,3,1,76
1,4,1,131
1,2,1,1210
1,4,2,173,30
1,1,5,837,40,2,523,20
1,2,1,729
1,6,2,386,26
3,4,1,8,2,1,647,1,2,47,7189
1,3,1,1108
1,2,2,342,1050
1,2,1,463
1,2,1,46
1,2,1,334
1,6,3,18,284,25
3,2,4,118,979,91,1153,2,1,40,3,3,291,12,6684
1,2,1,1019
1,2,2,977,498
2,4,1,100,3,1,69
1,2,1,532
2,2,1,1884,3,1,216
2,1,3,881,2,541,6,2,5384,7
1,2,1,902
2,3,1,404,1,1,101
1,2,4,664,225,39,24
1,2,1,1940
1,2,2,1982,114
1,2,1,1640
2,1,3,885,3,538,6,2,5434,7
3,2,1,2368,4,7,114,7,3,5,2,124,7,1,2,171,7074
2,1,2,36,96,1,2,177,1809
1,2,1,1799
2,1,2,890,539,6,2,5480,7
1,4,1,91
1,2,1,871
1,2,1,2184
1,2,1,2333
1,2,2,288,307
1,2,1,505
112,253,1
1,2,2,1934,198
1,3,1,970
1,6,1,581
1,3,1,445
1,2,1,419
1,7,1,250
1,2,1,910
3,1,1,118,1,1,2242,5,1,275
1,2,1,31
1,1,3,892,3,536
1,7,1,17
1,2,1,661
1,2,1,1331
1,6,2,610,26
1,3,1,1205
3,1,3,898,2,534,5,4,363,35,88,37,1,2,5530,7
2,2,1,1789,1,1,1215
1,2,3,328,255,672
1,7,1,173
2,2,1,316,1,1,1058
2,1,2,6,176,6,1,7256
1,7,1,7244
1,4,1,170
1,2,2,2014,96
1,6,1,437
1,2,1,958
1,3,1,789
2,2,1,1988,1,1,72
1,2,1,773
1,2,2,1313,28
1,7,2,5576,8
1,1,3,902,2,532
2,1,3,906,2,530,6,2,5624,7
1,2,1,298
1,2,24,119,9,438,8,62,297,31,150,155,6,10,32,49,27,34,36,24,25,47,60,138,10,15,170
1,1,1,168
1,7,1,7017
1,6,1,30
1,3,1,1324
1,1,1,97
1,1,3,910,3,527
1,1,3,916,2,525
1,5,1,117
2,2,2,1322,60,1,2,959,264
2,2,1,2212,3,3,68,3,43
1,2,1,1020
2,2,1,237,2,1,147
3,2,1,2295,1,4,264,629,315,21,2,2,4,219
2,2,1,1661,5,1,293
1,3,1,29
3,1,3,920,3,522,5,1,410,1,4,5672,840,8
1,7,2,222,21
2,1,4,193,740,2,518,6,2,5770,7
2,4,1,27,2,1,289
1,2,1,1417
2,2,1,2211,4,1,3
2,2,2,39,2066,1,2,254,35
1,2,1,1642
1,2,1,1705
1,2,1,460
1,7,1,7270
2,1,1,30,3,1,23
2,2,1,110,4,1,245
1,3,3,846,269,12
1,2,1,1944
1,6,1,522
1,7,1,286
1,2,1,294
2,1,4,195,742,3,515,6,2,5835,8
3,1,12,198,3,3,739,3,3,3,3,3,500,3,3,1,1,861,5,6,5885,941,8,42,9
1,6,1,20
1,7,1,251
1,2,3,219,42,171
3,21,1815,2262,3,23,280,8,2
1,2,1,268
1,6,1,446
1,3,1,41
1,2,2,287,307
2,1,1,130,1,1,199
3,1,1,1553,3,2,160,58,2,1,241
1,2,1,619
1,2,2,816,223
4,1,5,14,135,4,3,4,2,1,592,3,3,133,20,411,1,4,126,6553,8,398
1,6,1,4
1,7,1,245
1,2,1,252
1,2,1,1922
1,6,1,515
1,5,1,22
1,2,1,543
1,1,1,65
1,2,1,2152
1,1,2,90,24
1,6,2,419,184
1,3,1,210
1,3,2,534,121
2,2,1,403,5,1,7177
1,2,1,203
1,6,1,650
1,6,2,8,297
1,4,1,149
1,6,1,482
1,6,1,391
1,1,1,1554
1,6,1,328
3,2,2,2023,93,2,1,176,3,1,81
1,3,3,145,572,36
1,2,1,792
1,2,3,844,791,108
1,2,1,723
1,7,1,7045
1,7,1,189
1,2,1,2354
1,2,5,1773,2,3,31,65
1,7,3,7168,2,119
1,4,1,179
1,2,2,523,1756
1,2,2,1091,48
1,2,2,1548,17
1,1,4,207,755,2,503
1,3,4,1,30,542,545
1,7,1,7306
1,4,1,281
1,3,2,727,91
1,2,2,1589,166
1,3,1,479
2,4,1,187,2,1,582
1,6,1,405
1,1,4,211,755,2,501
2,3,4,184,268,795,4,2,5,21,46,44,78,15
1,2,1,440
2,2,2,552,464,2,1,25
1,2,2,367,127
1,7,1,7107
1,3,1,492
1,1,4,214,756,2,499
2,1,4,217,757,2,497,6,2,6037,7
1,3,2,190,799
2,1,4,219,759,2,495,6,2,6085,7
1,2,1,913
1,7,1,265
1,4,1,12
1,1,4,221,761,2,493
2,3,2,431,7,3,1,310
1,1,351,74,3
2,1,4,223,763,2,491,6,2,6131,7
1,1,4,225,765,2,489
2,2,6,385,521,1027,198,123,18,1,2,382,670
1,2,4,2047,14,8,11
1,3,2,837,118
3,2,4,271,35,1854,8,1,3,205,111,745,2,1,26
1,2,1,622
2,1,4,227,767,2,487,6,2,6177,7
1,6,2,349,5
1,2,1,804
1,2,1,175
1,7,426,309,7,12,7,13,9,15,22,9,15,26,13,15,24,9,15,22,11,17,26,9,15,22,9,15,22,9,15,22,9,15,22,9,15,24,9,15,24,9,15,22,9,15,24,11,15,22,9,15,24,9,15,21,7,15,11,15,24,9,15,22,9,15,22,9,15,23,10,15,25,10,15,22,9,15,22,9,15,22,9,15,23,12,15,27,12,15,22,9,15,22,9,15,23,10,15,22,9,15,22,11,15,23,7,14,12,15,24,9,15,22,9,15,23,10,15,22,9,15,22,9,15,26,9,15,22,9,15,23,12,15,24,9,15,26,9,15,22,9,15,24,9,15,22,9,15,24,11,15,22,9,15,23,7,13,11,15,24,9,15,25,10,15,22,9,15,22,9,15,22,9,15,22,11,15,24,9,15,24,9,15,22,11,15,22,11,15,22,9,15,22,9,15,22,9,15,22,9,15,22,9,15,21,7,13,9,15,24,9,15,22,9,15,22,11,15,26,9,15,22,9,15,22,9,15,22,11,15,22,9,15,24,9,15,22,9,15,22,9,15,22,11,15,26,11,15,24,9,15,24,9,15,21,7,13,11,15,26,9,15,24,11,15,26,9,15,23,12,15,25,10,15,22,9,15,22,9,15,24,9,15,24,9,15,24,9,15,26,11,15,22,11,15,24,9,15,22,9,15,22,9,15,21,7,13,9,15,23,10,15,22,11,15,27,12,15,24,9,15,22,9,15,23,10,15,26,11,15,24,9,15,22,11,15,24,9,15,23,10,15,22,11,15,23,10,15,23,10,15,24,9,15,21,7,14,10,15,26,11,15,23,12,15,24,11,15,24,9,15,24,9,15,22,9,15,22,9,15,22,9,15,24,13,15,22,9,15,24,9,15,24,11,15,24,9,15,24,9,15,24,11,15,21,7,14,10,15,23,10,15,22,9,15,24,11,15,24,9,15,24,9,15,24,9,15,183
1,4,1,205
1,3,1,164
2,3,2,124,608,2,1,156
1,2,1,2221
1,2,1,994
1,7,1,7094
1,4,1,30
1,5,1,118
1,2,1,2244
1,6,1,448
1,7,1,7021
3,1,1,1547,1,1,2366,5,3,7062,53,66
1,6,1,5
1,6,2,214,420
2,1,4,230,768,2,485,6,2,6223,7
2,5,1,210,2,1,7164
1,2,3,25,54,479
1,3,2,992,23
1,4,1,286
1,2,1,923
1,2,1,740
1,2,2,744,950
2,2,1,811,1,2,649,636
1,3,1,464
1,2,1,646
1,2,1,1081
1,6,1,458
1,2,2,1468,74
2,2,8,176,841,264,224,42,36,12,23,2,1,32
1,2,1,1578
1,6,1,619
1,4,1,132
1,5,1,172
1,2,1,1753
4,2,6,657,355,303,212,714,55,1,10,107,141,121,18,15,432,104,8,50,23,1,1,59,1,1,152
1,7,1,7248
1,2,1,167
1,7,1,260
1,2,1,1941
1,4,2,9,44
1,6,1,193
2,1,4,235,772,3,480,6,2,6271,9
2,6,1,58,1,1,7326
1,2,1,668
2,3,1,1202,1,1,256
1,1,4,232,770,2,483
1,3,1,556
2,2,1,1078,2,1,169
1,2,2,21,75
1,2,2,130,2190
1,1,3,864,4,548
1,2,1,474
4,1,1,129,1,16,27,24,82,507,31,44,42,26,24,28,81,688,306,127,111,83,2,2,90,45,1,1,164
2,1,1,1087,1,1,2111
1,2,1,487
1,2,2,258,1886
2,2,1,68,5,1,148
1,7,1,88
1,1,1,117
1,2,332,536,3
1,6,3,312,53,296
1,2,1,2159
1,7,145,320,19,45,46,54,4852,4846,46,46,46,484846,50,46,4820,49,4846,46,4850,46,46,46,52,52,46,46,4846,4822,49,4846,4846,484846,50,50,4846,4846,50,46,22,47,4850,46,46,46,484848484846,46,46,46,46,20,45,4846,50,4846,46,4846,4846,46,50,50,484820,49,4852,4850,50,46,46,484850,50,484846,46,20,45,4850,52,4846,50,50,484848484848484820,47,52,50,50,484846,46,46,52,46,4850,484850,20,47,4846,50,484848
1,3,1,1334
1,61,6
1,2,1,2205
1,2,1,216
1,7,1,7054
2,2,1,267,4,1,659
3,2,4,1500,323,3,9,1,3,683,212,184,1,1,253
1,3,1,1074
2,1,4,234,772,3,480,6,2,6269,9
1,3,1,182
1,2,1,1380
1,7,1,149
1,2,1,509
1,2,1,623
2,1,4,194,818,2,478,6,2,6321,7
1,7,2,6415,9
2,1,4,197,819,2,476,6,2,6369,7
1,1,4,200,820,2,474
1,3,1,208
1,2,2,196,699
1,2,1,1912
4,2,2,16,2302,2,1,312,2,1,35,1,1,7207
1,6,1,471
1,2,5,286,311,34,1219,12
1,7,1,70
3,2,1,332,1,2,23,1290,3,5,170,60,137,121,44
2,1,4,203,821,2,472,6,2,6467,7
2,1,4,206,822,2,470,6,2,6515,7
1,2,1,527
1,3,1,545
1,2,1,1639
1,3,1,811
1,6,1,612
1,2,1,355
1,2,1,168
2,2,1,2209,2,1,214
1,2,2,1046,460
1,7,1,7015
1,7,1,128
3,1,12,208,4,3,817,4,4,3,3,3,453,4,3,5,2,323,240,1,6,6561,9,60,840,8
1,6,2,89,21
1,3,2,866,171
1,3,1,339
1,2,1,653
1,2,1,1981
2,2,2,26,31,2,1,52
2,2,1,2321,5,4,270,6882,49,77
1,3,5,832,104,8,50,23
1,1,2,1052,460
2,1,2,218,836,6,2,6726,7
4,1,5,1,4,172,4,1358,1,78,2,4,2209,20,12,45,2,2,296,2,3,5,283,6489,9,391,7
1,6,1,679
1,6,1,157
1,6,1,208
1,6,1,218
4,1,1,1549,1,3,1901,392,14,3,7,8,54,44,23,55,15,28,2,3,239,6819,125
2,2,2,158,1613,5,2,11,19
1,1,1,1531
1,6,8,266,3,107,6,32,43,4
1,2,3,1094,213,238
1,6,1,544
1,1,4,220,836,2,456
1,3,2,24,1290
1,6,1,450
2,2,1,536,5,1,7057
1,2,2,1959,14
1,2,1,372
2,1,4,222,838,2,454,6,2,6824,7
1,2,1,670
1,4,1,124
2,1,4,224,840,2,452,6,2,6872,7
1,2,2,41,2066
1,6,1,91
2,1,3,371,3,784,6,2,1318,8
2,2,1,1062,1,2,741,512
2,2,2,469,104,4,2,37,7
2,1,4,226,842,2,450,6,2,6920,7
3,1,1,1088,1,6,75,303,893,489,242,84,5,135,347,46,50,52,46,54,46,46,46,46,484846,48484867,50,46,46,47,50,47,46,46,47,54,49,46,47,47,46,70,51,46,47,47,46,50,46,47,51,50,46,4846,484867,50,49,47,46,46,46,50,4846,484846,46,46,46,65,4846,46,52,46,46,46,484846,46,46,52,50,4865,52,4852,47,52,47,46,48484850,4850,46,46,65,47,47,53,51,46,47,51,50,46,50,47,47,49,4849,66,51,49,51,50,4846,46,46,4850,484850,484868,4847,4850,4848
1,2,2,1460,84
1,6,1,452
1,7,1,89
1,2,1,1033
2,1,4,205,751,3,506,6,2,5986,9
1,7,1,198
1,4,1,167
1,6,6,378,6,32,62,97,55
1,7,4,1128,95636,9
3,2,1,279,3,2,17,219,1,1,469
1,6,1,56
1,2,1,843
1,3,1,460
1,2,1,2138
1,2,1,2326
1,3,2,25,1290
1,3,1,335
1,3,2,218,546
1,2,2,620,1231
1,5,1,23
1,3,2,623,6
1,3,1,1280
1,3,1,376
4,2,2,116,1070,1,1,356,1,1,183,1,4,55,44,78,15
1,2,1,2340
2,2,1,44,2,1,34
1,7,1,252
1,6,1,406
1,2,1,2150
2,2,2,1510,15,1,1,1098
2,2,1,1462,2,1,113
1,5,2,89,3
2,1,8,38,41,15,4,4,4,5,4,2,1,1157
3,2,1,1065,1,2,485,403,2,1,145
1,6,1,59
1,2,1,726
1,6,1,672
2,5,1,247,1,1,663
3,2,4,36,1164,729,163,1,1,244,3,3,69,175,5
1,2,1,81
1,6,1,264
1,6,1,555
1,6,2356,2
1,4,1,36
2,2,2,92,1912,5,1,7186
2,3,1,406,2,1,142
1,3,2,329,827
1,3,1,259
1,2,1,77
1,7,1,253
2,2,1,560,3,1,96
1,2,2,235,79
1,2,1,458
2,3,1,1226,2,2,36,85
1,7,1,150
1,6,1,435
2,2,2,2147,68,2,1,123
1,3,1,1124
1,4,1,5
1,2,1,645
1,2,1,496
1,2,2,845,1102
1,3,2,473,22
1,2,1,2074
1,2,1,995
2,2,1,454,1,3,543,45,701
1,2,1,1704
3,2,3,1451,240,409,1,6,135,183,200,10,439,234,4,2,7225,9
1,7,1,82
2,2,1,47,5,2,7069,250
1,7,1,7312
1,2,2,1493,537
1,3,1,1194
1,2,1,2136
2,2,1,1339,5,2,38,7190
1,2,1,1744
1,2,1,1751
1,6,1,644
2,3,2,26,1290,4,11
1,3,2,27,1290
1,3,1,269
4,4,1,232,1,1,149,1,1,592,1,1,6986
1,2,1,265
1,1,4,228,844,3,447
1,7,1,16
1,3,5,701,162,164,7,12
1,2,4,143,9,86,1527
1,7,11,324,19,783,785,785,773,779,793,793,795,621
1,2,1,1824
1,2,2,713,120
1,5,4,60,44,78,15
1,3,1,650
1,3,1,1237
1,3,1,1286
1,6,1,36
1,7,10,317,19,783,785,785,773,779,793,793,795
1,1,4,231,847,2,445
2,1,3,766,3,593,6,2,4500,8
1,2,1,626
1,1,4,233,849,2,443
1,7,1,199
